3 0.343574 0.577174 0.252011 0.0922755 0.908667
8 0.927646 0.239808 0.113306 0.0900116 0.907436
3 0.720808 0.589378 0.152604 0.0780338 0.870847
5 0.644818 0.639642 0.0570774 0.285301 0.60777
5 0.646582 0.612922 0.0496406 0.220506 0.111439
5 0.656268 0.653373 0.0334834 0.280273 0.0660354
5 0.427483 0.73017 0.0440782 0.283718 0.0465325
5 0.645841 0.69349 0.0633067 0.393818 0.0405539
5 0.424683 0.720993 0.04073 0.266174 0.0284017
5 0.647232 0.703414 0.0652093 0.410273 0.0168257
5 0.428207 0.703499 0.0380426 0.217052 0.0114853
