8 0.903959 0.927136 0.181162 0.10513 0.927988
3 0.386023 0.375907 0.232189 0.104193 0.884727
3 0.67 0.417582 0.158784 0.0634017 0.765953
5 0.619446 0.463169 0.0660736 0.308463 0.164902
5 0.476762 0.384989 0.0518266 0.148354 0.14515
5 0.478127 0.38316 0.0474802 0.144378 0.130947
5 0.289322 0.41188 0.0501887 0.188653 0.0357042
3 0.667275 0.4628 0.168804 0.232236 0.0324739
3 0.669305 0.443268 0.169091 0.176914 0.0304702
5 0.473863 0.425942 0.0590997 0.233785 0.0271759
5 0.611968 0.460611 0.0638177 0.306455 0.0254319
8 0.972304 0.992314 0.0546981 0.0135088 0.0188064
5 0.60684 0.48349 0.0429581 0.250898 0.0162831
5 0.283945 0.384881 0.0378012 0.133598 0.0143296
3 0.667641 0.440817 0.162555 0.134233 0.0112328
5 0.725733 0.459105 0.0362022 0.173677 0.0100909
5 0.288766 0.400437 0.0475047 0.165427 0.0100331
