8 0.776624 0.939 0.144824 0.0997144 0.93161
3 0.431119 0.333267 0.184732 0.0690266 0.869989
3 0.657892 0.400135 0.147555 0.0517165 0.82058
5 0.608406 0.438075 0.0755898 0.320028 0.784886
5 0.493346 0.373626 0.0667078 0.157585 0.724388
5 0.716621 0.504743 0.0475589 0.268141 0.50303
5 0.716093 0.49462 0.0454956 0.232832 0.239841
5 0.353108 0.393712 0.0203568 0.118464 0.115811
5 0.715667 0.513707 0.0436913 0.254886 0.10614
5 0.497963 0.3576 0.0571151 0.129848 0.0618693
5 0.353254 0.384902 0.0207692 0.10179 0.0609935
7 0.292102 0.305542 0.139335 0.253805 0.0331638
5 0.352573 0.420373 0.0236682 0.178346 0.028338
5 0.352038 0.35827 0.0239116 0.149046 0.0243734
5 0.352753 0.402674 0.0211197 0.140853 0.0192248
5 0.610487 0.443358 0.0691606 0.239831 0.0159587
5 0.351778 0.307647 0.0213725 0.0657248 0.0154216
5 0.496529 0.355552 0.0526521 0.117878 0.0116847
