8 0.902127 0.0999917 0.143337 0.120461 0.933497
3 0.37867 0.407669 0.200756 0.103164 0.871154
3 0.604203 0.4872 0.144773 0.0671386 0.845036
5 0.55198 0.534408 0.0752468 0.384773 0.794882
5 0.661034 0.570098 0.0490427 0.385286 0.737286
5 0.441534 0.458338 0.0773521 0.225535 0.631268
5 0.291997 0.443851 0.0283746 0.2086 0.619284
5 0.293772 0.447941 0.0319708 0.216247 0.610387
5 0.43897 0.48992 0.0711107 0.163265 0.20033
5 0.660156 0.548549 0.0442539 0.276772 0.0293017
5 0.443958 0.443818 0.0700737 0.197489 0.0124275
