3 0.644092 0.455488 0.281436 0.0812084 0.869686
8 0.0708132 0.110537 0.11584 0.0472726 0.855568
3 0.287515 0.436946 0.166808 0.0593812 0.81562
5 0.531521 0.482892 0.0635778 0.13305 0.2927
5 0.530496 0.477204 0.0576937 0.118649 0.291545
5 0.760256 0.475824 0.0430614 0.130694 0.215275
5 0.363625 0.541069 0.0649163 0.325713 0.0810422
5 0.359185 0.510569 0.0468641 0.296854 0.0632418
5 0.760543 0.489564 0.0477448 0.163659 0.048806
5 0.360375 0.52537 0.0477635 0.298943 0.0328397
5 0.758329 0.481147 0.03322 0.111871 0.0270058
5 0.359617 0.497585 0.046196 0.246561 0.0266414
5 0.361165 0.426357 0.0303333 0.0925836 0.0254281
