8 0.0441082 0.313724 0.0757735 0.0813651 0.885446
3 0.616479 0.650018 0.275393 0.144954 0.88502
3 0.312059 0.601562 0.156743 0.100963 0.859404
5 0.726667 0.700376 0.0497852 0.251655 0.518015
5 0.371763 0.733607 0.0504398 0.448358 0.41956
5 0.370169 0.739054 0.0545105 0.452919 0.394155
3 0.297898 0.726483 0.117271 0.0655797 0.203893
5 0.725456 0.704323 0.049903 0.224697 0.18801
5 0.500226 0.689878 0.0475197 0.314553 0.13312
5 0.248258 0.670552 0.019532 0.144917 0.0992074
5 0.248145 0.656979 0.0177657 0.110365 0.0782632
5 0.500314 0.671271 0.0400955 0.257317 0.047827
5 0.248015 0.687372 0.0217253 0.182412 0.0429147
5 0.499668 0.656501 0.0362591 0.233014 0.0416078
5 0.726843 0.698843 0.0479899 0.21599 0.0347539
5 0.378025 0.662324 0.0314927 0.308032 0.0312107
5 0.503892 0.688141 0.0478632 0.299974 0.0279663
5 0.247784 0.643678 0.0166802 0.0800673 0.0164614
5 0.495576 0.599991 0.0197204 0.115119 0.011852
