3 0.462707 0.492713 0.283102 0.0649582 0.861781
8 0.0964942 0.0716244 0.0939062 0.050093 0.846398
5 0.588286 0.53682 0.0469285 0.107865 0.200871
5 0.582063 0.541104 0.0464076 0.113587 0.177734
5 0.581896 0.534152 0.0448787 0.0963218 0.037041
5 0.588449 0.542861 0.0492689 0.120707 0.0268109
5 0.355187 0.500871 0.0690085 0.107061 0.0234281
5 0.339003 0.451966 0.0489009 0.102342 0.0177098
5 0.330305 0.443645 0.0629657 0.120507 0.0156605
5 0.341917 0.462981 0.0483914 0.0868615 0.0114384
5 0.337487 0.445345 0.0479419 0.104425 0.0108401
