3 0.579153 0.546579 0.191744 0.103919 0.893653
3 0.320097 0.63639 0.098358 0.0780991 0.834577
8 0.102532 0.489716 0.0283794 0.0329141 0.809731
8 0.115899 0.671651 0.0491718 0.0741943 0.659784
8 0.120939 0.700595 0.0417422 0.0175604 0.363995
8 0.119659 0.699614 0.0439991 0.018446 0.0692506
5 0.51152 0.585416 0.0707384 0.126457 0.0645603
5 0.366904 0.65778 0.0199254 0.199114 0.031885
5 0.508997 0.577231 0.0600516 0.0999983 0.0239675
5 0.523123 0.63426 0.0971383 0.235985 0.018078
5 0.367416 0.683425 0.0230917 0.25109 0.0127706
