8 0.101817 0.551022 0.0756671 0.0780637 0.895203
3 0.344304 0.539211 0.142077 0.111143 0.893449
3 0.56815 0.52529 0.231494 0.0979533 0.854285
5 0.488502 0.559938 0.0813587 0.167013 0.796063
5 0.67396 0.629409 0.057874 0.342157 0.694413
5 0.313662 0.679814 0.0701478 0.299868 0.37935
5 0.401269 0.504222 0.0242501 0.0608822 0.301664
5 0.321 0.738486 0.0851132 0.427497 0.299128
5 0.48532 0.556111 0.0757611 0.152515 0.169505
5 0.308986 0.657312 0.0517029 0.223807 0.0534273
5 0.401217 0.513798 0.0263246 0.0773401 0.0374415
5 0.399007 0.532413 0.0300096 0.122974 0.0218038
5 0.400242 0.500263 0.0225543 0.0602908 0.0175846
5 0.674573 0.651892 0.0510172 0.266911 0.0112018
