8 0.145415 0.424594 0.119245 0.0797631 0.909198
3 0.623348 0.603588 0.221915 0.0765162 0.880215
3 0.485837 0.607029 0.151616 0.0635306 0.864806
5 0.70153 0.701178 0.0669975 0.188616 0.814922
5 0.428784 0.645701 0.0398469 0.144268 0.70707
5 0.428744 0.658976 0.0417347 0.170765 0.391543
5 0.713345 0.5701 0.0310025 0.076653 0.279882
5 0.537227 0.70838 0.102245 0.347199 0.230562
5 0.712577 0.567005 0.0297221 0.0797749 0.0383365
5 0.553664 0.640784 0.0715356 0.196817 0.0175616
5 0.5403 0.737175 0.0939829 0.353094 0.0153229
5 0.701841 0.702295 0.0703617 0.207879 0.0134976
5 0.552929 0.627522 0.0719521 0.166875 0.0122876
