8 0.919801 0.701828 0.085879 0.0745192 0.895348
3 0.43614 0.492025 0.299457 0.110548 0.883994
3 0.817057 0.381289 0.111592 0.0531752 0.855031
5 0.527882 0.598055 0.0806851 0.170916 0.164199
5 0.318356 0.539216 0.045153 0.113433 0.12179
5 0.518884 0.627222 0.101907 0.237917 0.0985698
5 0.320896 0.548481 0.0435905 0.120328 0.096563
5 0.529702 0.587314 0.0700275 0.14307 0.038158
5 0.322141 0.556492 0.0445021 0.136803 0.0253785
5 0.651015 0.727916 0.0688726 0.306747 0.0227424
5 0.316262 0.526964 0.0457509 0.119073 0.0217253
5 0.525654 0.611323 0.0872948 0.192542 0.0140078
