8 0.830413 0.446446 0.0862946 0.079036 0.899625
3 0.559233 0.475698 0.20095 0.0955785 0.839472
5 0.52228 0.567963 0.117134 0.242926 0.764255
5 0.641893 0.575414 0.0915618 0.255461 0.272074
5 0.646551 0.590148 0.101477 0.269101 0.143619
5 0.641698 0.573577 0.0825151 0.201778 0.0539411
5 0.638364 0.547711 0.0915497 0.263252 0.0406292
5 0.672107 0.632653 0.149656 0.349932 0.0249799
5 0.639359 0.564063 0.0787277 0.183777 0.019371
5 0.512304 0.552087 0.0983679 0.211092 0.0159433
5 0.516974 0.57087 0.10338 0.207669 0.0113646
