8 0.0747719 0.386425 0.0703926 0.0829465 0.901614
3 0.608012 0.585209 0.223364 0.110834 0.864829
3 0.362169 0.568714 0.137291 0.0876537 0.861216
5 0.408005 0.734838 0.0335577 0.369279 0.654269
5 0.690115 0.728911 0.0344716 0.27542 0.253484
5 0.690504 0.720768 0.0309791 0.24547 0.132915
5 0.407034 0.735304 0.0329477 0.372895 0.0958043
5 0.690616 0.709239 0.0301299 0.223122 0.0594193
5 0.407368 0.685867 0.0275038 0.283681 0.0327342
5 0.406438 0.702387 0.0288811 0.303711 0.0237852
5 0.691183 0.698761 0.028892 0.203387 0.0149669
5 0.692066 0.68155 0.0273668 0.164308 0.0108385
5 0.40858 0.673448 0.0265108 0.245509 0.01078
