8 0.0627299 0.105296 0.081268 0.0584747 0.867666
3 0.453835 0.36886 0.262649 0.0610016 0.865533
6 0.598768 0.453196 0.173066 0.339813 0.511874
3 0.392274 0.367905 0.153392 0.0515463 0.241648
3 0.391161 0.371555 0.15147 0.049489 0.115027
3 0.391078 0.364379 0.152852 0.0501521 0.102793
3 0.381733 0.368111 0.158933 0.0482172 0.0209535
3 0.379684 0.363445 0.16395 0.0458273 0.0209281
7 0.714324 0.480943 0.382949 0.389701 0.0197321
3 0.389995 0.354457 0.154871 0.0426526 0.0197125
7 0.24447 0.315238 0.192691 0.29495 0.0109534
7 0.241067 0.329032 0.193656 0.289724 0.0101377
