3 0.612546 0.563843 0.434058 0.122441 0.900304
3 0.224867 0.470789 0.114108 0.0663914 0.865055
8 0.0480829 0.330478 0.0424921 0.0339479 0.786254
8 0.0282382 0.475572 0.0564763 0.0240092 0.53961
8 0.0278069 0.45183 0.0556137 0.0690967 0.393488
8 0.0282219 0.45265 0.0564439 0.0693328 0.237126
5 0.760173 0.689371 0.0750715 0.216618 0.126577
5 0.759338 0.726793 0.0807067 0.290167 0.100739
5 0.45874 0.695984 0.128652 0.33003 0.0472553
5 0.454767 0.646845 0.109534 0.203939 0.0461182
5 0.760141 0.720161 0.0824622 0.281178 0.0460036
8 0.0291801 0.454536 0.0583602 0.0659473 0.0201743
5 0.447439 0.621016 0.100567 0.172825 0.0132845
