8 0.40667 0.0736312 0.0604349 0.0364658 0.862375
0 0.536439 0.54856 0.247857 0.269858 0.126601
7 0.797701 0.257192 0.14647 0.244312 0.0844449
0 0.498757 0.649203 0.156923 0.0416046 0.079342
3 0.615166 0.34713 0.249844 0.0577378 0.0664994
3 0.613238 0.350937 0.246457 0.0560202 0.0460529
0 0.548528 0.42775 0.102776 0.0225896 0.0345075
0 0.562463 0.52887 0.128623 0.0294492 0.0339854
0 0.539958 0.527697 0.15387 0.0306068 0.0333365
0 0.539657 0.54587 0.249885 0.268505 0.0310442
0 0.479158 0.526602 0.0832992 0.0698542 0.0294924
0 0.527731 0.558809 0.233353 0.239448 0.027877
0 0.552572 0.437031 0.113733 0.0389172 0.0156149
0 0.532059 0.552152 0.23922 0.262661 0.0148206
0 0.537987 0.53192 0.248784 0.290574 0.0108762
