3 0.71332 0.362738 0.10629 0.052656 0.851803
8 0.0434591 0.0875032 0.0611505 0.0349495 0.81468
0 0.346714 0.457261 0.227678 0.0624725 0.780957
0 0.33528 0.672653 0.107 0.0372603 0.726153
0 0.339558 0.735117 0.118054 0.0340535 0.455279
0 0.365465 0.588124 0.277096 0.323365 0.393232
0 0.350791 0.60152 0.0984371 0.0349358 0.373277
0 0.365787 0.590202 0.277126 0.325861 0.29476
0 0.339794 0.732691 0.117524 0.0325485 0.188134
0 0.340501 0.694956 0.135133 0.100182 0.18241
0 0.351277 0.598246 0.0945541 0.034445 0.140695
0 0.305468 0.447244 0.157901 0.0456194 0.123375
0 0.335928 0.67383 0.111699 0.03909 0.0930795
0 0.335921 0.674163 0.110122 0.0390778 0.0912986
3 0.658061 0.408678 0.225309 0.0471511 0.0843639
0 0.322758 0.452845 0.19536 0.0569911 0.0416417
0 0.366055 0.659729 0.232676 0.160788 0.0269702
0 0.386117 0.487967 0.172753 0.112802 0.0255284
0 0.389488 0.602279 0.179318 0.0433963 0.0254469
0 0.377406 0.459396 0.185474 0.0610034 0.025085
0 0.390397 0.45931 0.150878 0.0584777 0.0247336
0 0.357636 0.60156 0.111989 0.0384421 0.024085
0 0.41521 0.461259 0.110871 0.0557988 0.0229651
0 0.362899 0.502451 0.272982 0.151281 0.019855
0 0.29261 0.445521 0.131586 0.0425366 0.0189865
0 0.412326 0.460077 0.122347 0.0596509 0.0174739
0 0.388605 0.635607 0.199718 0.125607 0.0147259
0 0.342315 0.597694 0.0845728 0.031031 0.0135792
0 0.359623 0.470537 0.274369 0.106125 0.0134723
0 0.345038 0.601833 0.0957393 0.0329762 0.0115352
0 0.363071 0.672535 0.218171 0.139869 0.0110807
