3 0.614089 0.536398 0.313737 0.105517 0.872162
8 0.0434443 0.313753 0.0754252 0.0640877 0.856188
5 0.728983 0.57187 0.0858187 0.171025 0.708461
3 0.332552 0.428649 0.105662 0.0417602 0.284186
5 0.481414 0.555035 0.0423066 0.0720422 0.0602731
5 0.72865 0.577366 0.0920065 0.186218 0.034744
5 0.503117 0.684274 0.0656281 0.278559 0.0344989
5 0.513556 0.68322 0.046352 0.250073 0.0220637
5 0.483139 0.568643 0.0463189 0.0928362 0.0196818
5 0.514608 0.693346 0.0457971 0.274834 0.0150394
0 0.388207 0.45563 0.237411 0.147622 0.0115912
