8 0.0632034 0.859818 0.121079 0.0661664 0.876109
3 0.392511 0.388518 0.197066 0.0602138 0.839837
3 0.433277 0.4616 0.218929 0.0725293 0.802827
5 0.51473 0.540877 0.0973294 0.28649 0.49008
5 0.524741 0.516972 0.0809662 0.23762 0.296337
5 0.336584 0.467583 0.0436057 0.189803 0.138064
5 0.335165 0.456739 0.0418302 0.166271 0.0796366
5 0.526259 0.503215 0.0761606 0.205623 0.0245571
5 0.523756 0.494992 0.0687074 0.175455 0.0148536
5 0.334037 0.461283 0.0552828 0.208422 0.0147356
8 0.0202229 0.935062 0.0404457 0.108101 0.0122987
5 0.529114 0.484667 0.0675686 0.153726 0.0113925
