8 0.0911438 0.898282 0.127097 0.0688497 0.898688
3 0.301749 0.404779 0.197261 0.0757053 0.896191
3 0.657602 0.492353 0.252926 0.0834009 0.851571
5 0.555094 0.512183 0.0672946 0.164486 0.658871
5 0.776133 0.514163 0.0502198 0.196166 0.57744
5 0.222883 0.466219 0.026331 0.119408 0.140877
5 0.223434 0.474779 0.0291322 0.139492 0.0742378
5 0.5653 0.556339 0.0859084 0.258964 0.058752
5 0.55435 0.505999 0.060797 0.151035 0.0463614
5 0.776527 0.507901 0.0494408 0.185571 0.0268026
5 0.552741 0.501024 0.0542425 0.134663 0.0159971
5 0.222419 0.46472 0.0266631 0.115386 0.012991
5 0.221357 0.450177 0.0290259 0.102411 0.0125344
5 0.221746 0.454578 0.0239451 0.0976649 0.0122939
