8 0.970058 0.586661 0.0562172 0.0978147 0.885757
5 0.485091 0.824062 0.124518 0.334506 0.85591
3 0.737851 0.725615 0.163291 0.107629 0.850986
3 0.355006 0.761501 0.298132 0.184343 0.568191
3 0.352156 0.758824 0.293746 0.172818 0.554348
5 0.686352 0.860239 0.0330365 0.26558 0.381537
5 0.234796 0.775693 0.0404193 0.182191 0.169364
5 0.688409 0.877093 0.0286286 0.245813 0.0532224
5 0.233328 0.768717 0.0389243 0.184716 0.0513083
5 0.23179 0.742874 0.0436758 0.279779 0.0495027
5 0.689833 0.870682 0.0269791 0.258636 0.0316111
5 0.691329 0.86905 0.0243117 0.253663 0.0101006
