8 0.059786 0.474647 0.080257 0.0880743 0.90028
3 0.626175 0.724754 0.218857 0.119938 0.878321
5 0.524137 0.765401 0.0784883 0.312143 0.807005
5 0.717426 0.763008 0.0426169 0.254102 0.500998
5 0.717622 0.759026 0.0430314 0.290442 0.494667
3 0.300514 0.635172 0.148946 0.0787947 0.452132
5 0.523395 0.729656 0.0739671 0.223537 0.393725
3 0.300031 0.636151 0.1491 0.0815265 0.0477054
3 0.299784 0.653283 0.151784 0.115853 0.0266456
5 0.233539 0.713725 0.0200597 0.253847 0.0216133
5 0.717481 0.761803 0.0429667 0.291246 0.0109496
