3 0.656629 0.58181 0.270828 0.108164 0.881378
3 0.332927 0.53049 0.18801 0.0837485 0.847768
8 0.211801 0.112854 0.0453704 0.0381645 0.799438
5 0.378987 0.619386 0.0714808 0.204655 0.153662
5 0.53397 0.605271 0.051071 0.17975 0.0672438
5 0.379846 0.606808 0.0692673 0.178062 0.061785
5 0.383867 0.606488 0.0885533 0.211039 0.0225429
5 0.727045 0.676859 0.100918 0.183037 0.0210736
5 0.381608 0.627028 0.0888563 0.239041 0.0181507
5 0.730131 0.663821 0.0920234 0.156128 0.0149213
5 0.71503 0.724458 0.131358 0.275659 0.0121722
