8 0.073619 0.329672 0.093094 0.0619981 0.897234
3 0.574063 0.491891 0.228957 0.0873915 0.868092
5 0.67257 0.513224 0.0531437 0.161827 0.837327
5 0.50333 0.578472 0.10027 0.234272 0.488648
3 0.312617 0.470496 0.151337 0.0535269 0.410675
5 0.501655 0.562057 0.0902889 0.191798 0.231957
5 0.499288 0.547057 0.0835962 0.165658 0.111365
5 0.357534 0.534022 0.0277703 0.130506 0.0293518
5 0.35778 0.522044 0.0258869 0.104732 0.0260615
5 0.370704 0.655142 0.0647464 0.372506 0.0210708
3 0.30911 0.487998 0.141911 0.0541737 0.0195596
5 0.502555 0.572489 0.0893537 0.196863 0.0179831
5 0.495235 0.532347 0.0731721 0.12362 0.0132996
5 0.500627 0.56476 0.0871788 0.193559 0.0129749
5 0.357533 0.566338 0.033605 0.199396 0.0100792
