8 0.133792 0.17787 0.0468138 0.0355629 0.80405
8 0.0411816 0.986301 0.0823632 0.0263455 0.632529
8 0.0414549 0.957387 0.0829097 0.0836108 0.42889
8 0.0448213 0.00419829 0.0896427 0.00829888 0.0509511
8 0.0977713 0.00459328 0.195543 0.00918655 0.0477705
8 0.146939 0.00524579 0.293879 0.0104916 0.041402
8 0.92176 0.00459327 0.102561 0.00918654 0.0412957
8 0.82177 0.00641638 0.330032 0.0128328 0.0216331
8 0.0414933 0.968859 0.0829866 0.0611587 0.0211689
8 0.152102 0.0051636 0.304204 0.0103272 0.0173443
8 0.474447 0.00552333 0.277333 0.0110467 0.0158324
8 0.550921 0.0103194 0.860334 0.0206389 0.015523
8 0.838926 0.00605441 0.29277 0.0121088 0.014918
8 0.619679 0.00512189 0.35678 0.0102438 0.0132346
8 0.349584 0.0111282 0.699169 0.0222565 0.01293
8 0.401267 0.0110072 0.784598 0.0220145 0.0126583
8 0.319002 0.00508788 0.286448 0.0101758 0.0120706
8 0.70689 0.0050141 0.190141 0.0100282 0.0118896
8 0.00403312 0.104365 0.00806624 0.0145475 0.0113561
8 0.92983 0.00429201 0.0963761 0.00854405 0.0112993
8 0.72526 0.00530636 0.257934 0.0106127 0.0110482
8 0.404604 0.00547589 0.304575 0.0109518 0.0110452
8 0.0409556 0.958294 0.0819113 0.0816807 0.0109723
8 0.267945 0.00510498 0.311752 0.01021 0.0101124
