8 0.925074 0.807708 0.108451 0.0933492 0.911741
3 0.694129 0.576493 0.137121 0.0833575 0.850026
4 0.358641 0.424364 0.485253 0.361989 0.847278
5 0.369265 0.521309 0.0591592 0.156444 0.774877
3 0.465683 0.492715 0.257522 0.108427 0.693178
4 0.349214 0.632076 0.478857 0.389106 0.651923
3 0.725627 0.38032 0.116041 0.058693 0.530891
4 0.359584 0.537433 0.503418 0.588009 0.514228
5 0.505732 0.712759 0.0426178 0.251953 0.27588
4 0.354609 0.628287 0.489779 0.410717 0.239931
5 0.388018 0.718525 0.0281891 0.19127 0.143688
5 0.387894 0.740342 0.0306102 0.230881 0.123124
5 0.74685 0.663803 0.02319 0.212389 0.11271
3 0.701744 0.375586 0.0761402 0.0506146 0.108535
5 0.382933 0.744371 0.0392645 0.242097 0.103982
5 0.747619 0.628689 0.024517 0.245178 0.103397
5 0.746875 0.651739 0.0211783 0.182731 0.100305
5 0.562003 0.512985 0.0553895 0.119404 0.0824072
5 0.74697 0.644745 0.0206306 0.16819 0.0728907
3 0.727413 0.38209 0.117472 0.0607129 0.0712874
5 0.315972 0.579638 0.0415541 0.122892 0.0691026
5 0.505545 0.711632 0.0424432 0.250006 0.066184
5 0.50481 0.712965 0.0373192 0.255408 0.0645791
3 0.704182 0.376118 0.0800849 0.0516832 0.0321082
5 0.747215 0.631137 0.0212774 0.176845 0.0306738
5 0.389961 0.719991 0.0301546 0.202417 0.0294534
5 0.314011 0.581948 0.0399126 0.123319 0.0206403
5 0.637227 0.678903 0.0192834 0.198437 0.0190852
5 0.389762 0.702365 0.0259288 0.161027 0.0189915
5 0.559868 0.517413 0.0586574 0.124573 0.0176732
5 0.502802 0.725153 0.0363024 0.273176 0.0123052
