8 0.924725 0.0616652 0.133585 0.0985366 0.919229
3 0.527991 0.614891 0.257637 0.107981 0.830986
3 0.634075 0.722553 0.143513 0.0972964 0.470946
3 0.521906 0.657637 0.243408 0.16354 0.305447
4 0.371262 0.654271 0.347982 0.628343 0.28476
6 0.338095 0.736414 0.250141 0.527171 0.110099
7 0.797359 0.49211 0.201072 0.476654 0.0925395
4 0.421507 0.670016 0.456943 0.659382 0.0644024
4 0.403308 0.645814 0.420218 0.594124 0.0303851
3 0.63987 0.691248 0.13758 0.188242 0.012578
7 0.231776 0.692596 0.463552 0.614807 0.011337
3 0.633754 0.72411 0.142026 0.0963669 0.0112563
