4 0.385565 0.729557 0.452193 0.409814 0.946868
8 0.945527 0.143511 0.101285 0.0878686 0.90106
3 0.714908 0.611784 0.131986 0.0725913 0.764277
3 0.686538 0.401915 0.0867808 0.0590787 0.707875
4 0.309006 0.622761 0.618013 0.614918 0.656606
4 0.3155 0.622014 0.631001 0.6179 0.577872
3 0.451846 0.528685 0.249832 0.108973 0.305782
7 0.829663 0.623025 0.159352 0.525503 0.0602796
3 0.450401 0.526072 0.258334 0.112208 0.0471051
8 0.198821 0.874828 0.0803792 0.117442 0.0453035
3 0.711 0.404138 0.125328 0.0651195 0.0352963
8 0.195694 0.879906 0.0736838 0.105332 0.0248991
0 0.714908 0.611784 0.131986 0.0725913 0.0207816
8 0.193113 0.912093 0.0667345 0.0390115 0.0174761
