8 0.915157 0.0633459 0.10704 0.0757875 0.897476
3 0.772657 0.369298 0.116785 0.077963 0.850002
3 0.51934 0.324405 0.250037 0.0981787 0.83745
5 0.430785 0.402667 0.084207 0.217672 0.667347
5 0.722798 0.417343 0.0313254 0.210668 0.440485
5 0.431834 0.393406 0.0759075 0.196157 0.25858
5 0.723047 0.430563 0.031965 0.233677 0.175239
5 0.72405 0.44142 0.0391 0.266941 0.118447
5 0.722517 0.401674 0.029905 0.174612 0.0339137
5 0.723462 0.471023 0.0409444 0.317939 0.0211326
5 0.72331 0.492124 0.0409387 0.364572 0.0182355
5 0.721888 0.380358 0.0285478 0.128357 0.0107656
5 0.440962 0.421542 0.0625531 0.186976 0.0101047
