3 0.600646 0.539275 0.23191 0.114205 0.876873
8 0.0820776 0.494585 0.0378034 0.0341331 0.795302
8 0.0390507 0.663555 0.051449 0.0253351 0.751338
5 0.518345 0.690776 0.0549472 0.300665 0.216911
3 0.287268 0.384283 0.114885 0.0683317 0.205819
5 0.692448 0.59924 0.0422438 0.200527 0.119048
5 0.511913 0.638965 0.045129 0.203216 0.106199
5 0.689739 0.609166 0.0365277 0.186959 0.0851775
5 0.686588 0.624071 0.030737 0.170846 0.0312902
5 0.697166 0.583064 0.0461228 0.184315 0.0219194
8 0.039005 0.656452 0.0572082 0.0453707 0.0214631
8 0.038871 0.646734 0.0571183 0.0633393 0.0157217
5 0.693581 0.582097 0.0401899 0.171551 0.0124388
5 0.516663 0.671543 0.0511368 0.28664 0.0113611
