3 0.580654 0.503511 0.244569 0.11861 0.901535
3 0.360283 0.424266 0.147355 0.0865683 0.824864
8 0.169438 0.225789 0.0332738 0.0350698 0.807883
8 0.030036 0.802619 0.0270259 0.0184541 0.683127
5 0.472933 0.530976 0.031564 0.229323 0.247563
5 0.473122 0.524482 0.0299726 0.213432 0.159466
5 0.652663 0.609753 0.0787198 0.18167 0.153075
5 0.473774 0.53014 0.0339296 0.234953 0.129155
5 0.671207 0.5413 0.0703281 0.128271 0.0928986
5 0.653998 0.598718 0.0745473 0.162976 0.0881123
5 0.467463 0.637909 0.046278 0.437139 0.0497242
5 0.306556 0.476245 0.0249408 0.12604 0.041165
5 0.305986 0.462877 0.0223227 0.0923812 0.0253674
5 0.670884 0.566607 0.106844 0.206542 0.0223641
5 0.473041 0.534669 0.0326068 0.239018 0.0191982
5 0.307414 0.494713 0.0273804 0.164476 0.0166469
5 0.47283 0.508239 0.0281971 0.186528 0.016286
5 0.67757 0.5326 0.0798839 0.129004 0.0131199
