3 0.519993 0.580259 0.198971 0.0947073 0.888259
3 0.29354 0.580093 0.119058 0.0627833 0.858306
8 0.151143 0.287963 0.0317945 0.035971 0.811353
5 0.318168 0.747526 0.0474881 0.333475 0.687378
5 0.596578 0.628239 0.0401408 0.163251 0.283117
5 0.445413 0.658768 0.0309269 0.147693 0.186751
5 0.446338 0.67986 0.0338341 0.192977 0.164363
5 0.597427 0.620016 0.0373798 0.147703 0.111526
5 0.445471 0.694776 0.0346807 0.222628 0.0446353
5 0.444498 0.642533 0.0276827 0.112507 0.0267883
5 0.447484 0.695429 0.0358082 0.225093 0.0236572
5 0.447099 0.731188 0.0371735 0.289877 0.015062
5 0.318762 0.715489 0.0396125 0.284769 0.0114048
5 0.324234 0.643182 0.0339058 0.12275 0.0107757
