4 0.515615 0.651044 0.365399 0.5102 0.945211
8 0.880702 0.474471 0.0389105 0.0338711 0.842741
3 0.504751 0.518126 0.263849 0.0826035 0.288218
3 0.496961 0.506693 0.265317 0.115609 0.167188
3 0.510046 0.524891 0.253811 0.0720544 0.16203
3 0.505477 0.524938 0.259168 0.075655 0.107389
3 0.505179 0.511387 0.270439 0.0987163 0.0907037
3 0.509927 0.519334 0.25838 0.075199 0.0736815
8 0.880472 0.474332 0.0381584 0.0331753 0.0227781
4 0.514942 0.651619 0.368978 0.513089 0.0204765
3 0.509602 0.532949 0.256669 0.0749347 0.0159795
4 0.631999 0.454038 0.144064 0.104979 0.015873
3 0.495961 0.514519 0.261621 0.0954343 0.0114005
