4 0.422847 0.656143 0.518963 0.42052 0.896997
8 0.970336 0.0506635 0.0592121 0.0885796 0.881094
3 0.854186 0.536246 0.100591 0.0811517 0.833942
5 0.437692 0.76716 0.0860736 0.347845 0.379533
4 0.431406 0.653452 0.510314 0.434119 0.250371
3 0.559506 0.679602 0.338435 0.15016 0.243874
3 0.559913 0.684044 0.31476 0.170634 0.116667
5 0.672213 0.732294 0.0626882 0.0902723 0.0838001
3 0.554018 0.679351 0.342935 0.149333 0.0202468
7 0.311559 0.71161 0.318686 0.552012 0.0180233
5 0.435341 0.706654 0.080413 0.192108 0.0179448
5 0.435732 0.71866 0.0802789 0.20481 0.017404
4 0.425929 0.64716 0.529176 0.399976 0.0169123
5 0.673124 0.726082 0.0642466 0.089662 0.0158533
5 0.453797 0.80175 0.0451838 0.220507 0.0141326
