8 0.805409 0.928298 0.0857239 0.0688046 0.878855
3 0.198711 0.412344 0.105436 0.062684 0.869748
3 0.565393 0.537091 0.306853 0.105168 0.864002
5 0.441833 0.627016 0.0441669 0.172833 0.42001
5 0.439204 0.607538 0.0564603 0.214683 0.261624
3 0.233738 0.597659 0.133887 0.0665557 0.133871
3 0.233691 0.601867 0.134781 0.0697599 0.121623
5 0.288577 0.632625 0.0262756 0.15127 0.0871698
5 0.66781 0.589529 0.0779799 0.127649 0.0668059
5 0.667195 0.584103 0.0671272 0.106531 0.0634591
5 0.288181 0.649081 0.0300086 0.18507 0.0478697
5 0.441274 0.618357 0.0426643 0.148009 0.0382847
5 0.283238 0.691827 0.0459805 0.268248 0.0292144
5 0.442498 0.626032 0.0468711 0.178559 0.0217163
5 0.28874 0.622357 0.0245756 0.124686 0.0191782
5 0.2873 0.665086 0.0336029 0.2102 0.012411
5 0.438417 0.590758 0.0424383 0.117362 0.0109892
