4 0.672832 0.495862 0.374657 0.413443 0.957775
3 0.59933 0.527902 0.303538 0.101875 0.881733
3 0.232516 0.425822 0.099089 0.0537174 0.856406
8 0.0629117 0.854572 0.0436884 0.0341567 0.734005
8 0.0266049 0.924012 0.0445206 0.0209038 0.670721
3 0.270071 0.592605 0.128979 0.0761252 0.666934
5 0.488943 0.569708 0.0456622 0.073806 0.102356
5 0.490065 0.575716 0.0492051 0.0839691 0.0630042
5 0.7057 0.581932 0.0730612 0.145517 0.031325
5 0.487065 0.562327 0.0430198 0.0642233 0.02902
5 0.708226 0.570429 0.065084 0.11865 0.0174965
5 0.490619 0.590451 0.0516541 0.118988 0.014886
3 0.271175 0.58126 0.130659 0.0702786 0.0132444
