3 0.531628 0.522092 0.113747 0.0809988 0.874727
8 0.373936 0.893067 0.0331922 0.0399336 0.845009
5 0.48732 0.592327 0.0373383 0.265065 0.33095
5 0.573972 0.575816 0.0302236 0.204037 0.310299
5 0.57346 0.598072 0.0317657 0.242002 0.260837
5 0.486889 0.552453 0.0350859 0.188604 0.174195
5 0.486607 0.558669 0.0355624 0.202443 0.160834
5 0.57496 0.554348 0.0267764 0.157953 0.113525
5 0.487034 0.59474 0.0385111 0.268688 0.0716342
5 0.486687 0.559736 0.0350089 0.202742 0.0686035
5 0.572703 0.5872 0.0295735 0.222254 0.0148468
