3 0.515037 0.432526 0.222006 0.0971958 0.873558
3 0.27073 0.507301 0.145916 0.0783498 0.853369
5 0.619578 0.530274 0.120666 0.396641 0.838677
8 0.0282464 0.0870018 0.0359966 0.0345329 0.764199
5 0.425384 0.458124 0.0451154 0.132125 0.564394
5 0.211298 0.620068 0.0313803 0.334763 0.523631
8 0.0437735 0.137123 0.0620501 0.0284268 0.294799
8 0.0434722 0.136365 0.0619882 0.0291091 0.24597
5 0.210787 0.583208 0.0287112 0.274102 0.225297
5 0.332456 0.466578 0.0141315 0.0949232 0.207555
5 0.331703 0.479939 0.0178663 0.121482 0.0362995
5 0.33167 0.486054 0.0191167 0.133215 0.0338576
8 0.0431249 0.120069 0.0639699 0.06472 0.0315132
5 0.33239 0.525515 0.0188887 0.198441 0.0139305
5 0.20999 0.622304 0.0270567 0.292462 0.0126658
5 0.333233 0.541123 0.0211251 0.237975 0.0104603
