3 0.494572 0.627757 0.310686 0.166628 0.840256
8 0.956661 0.0857518 0.0407053 0.0349312 0.806439
8 0.959045 0.480693 0.0389054 0.0739315 0.732087
5 0.382993 0.707844 0.118115 0.309528 0.711371
8 0.959574 0.480767 0.0404437 0.0740318 0.278633
5 0.369964 0.778585 0.0925789 0.197085 0.261314
5 0.373017 0.765833 0.0824358 0.167566 0.179744
5 0.599641 0.560892 0.0917575 0.0626587 0.0944076
3 0.401615 0.645446 0.143151 0.136136 0.0709192
6 0.640099 0.625811 0.26992 0.422809 0.0702292
5 0.597877 0.648148 0.087434 0.13065 0.0174784
5 0.598285 0.564052 0.0932984 0.0660215 0.013949
5 0.558895 0.700314 0.167243 0.26252 0.0125112
3 0.395572 0.644633 0.136303 0.131316 0.0107375
