3 0.473728 0.547185 0.416565 0.144455 0.847246
8 0.053508 0.0862558 0.0657243 0.0335119 0.811373
8 0.959819 0.108622 0.0691677 0.063675 0.552403
5 0.639678 0.552978 0.0839849 0.124047 0.283756
5 0.322309 0.649431 0.118367 0.347816 0.234692
5 0.314426 0.558098 0.0957134 0.152069 0.154684
5 0.640666 0.549269 0.0696739 0.108326 0.149206
5 0.315488 0.566377 0.0990996 0.155197 0.139715
5 0.638436 0.554159 0.079872 0.12244 0.0992502
5 0.332639 0.652098 0.14004 0.351076 0.085065
3 0.601241 0.501591 0.144362 0.05778 0.0371731
5 0.313516 0.553244 0.0895785 0.143777 0.0330211
5 0.641262 0.549705 0.077334 0.11811 0.0327517
5 0.304088 0.544459 0.0700441 0.120709 0.0179496
5 0.60656 0.530751 0.133929 0.173646 0.0176653
5 0.610142 0.566559 0.141563 0.167603 0.0113701
