8 0.155372 0.286633 0.100485 0.0617272 0.912515
3 0.560378 0.587337 0.274267 0.155183 0.884077
5 0.664978 0.66586 0.116666 0.256418 0.711889
5 0.447514 0.625338 0.0537178 0.233129 0.315752
5 0.443199 0.641134 0.0441447 0.19876 0.247597
5 0.649278 0.684097 0.07775 0.198357 0.200208
5 0.455001 0.627102 0.0648647 0.231087 0.119748
5 0.443392 0.634423 0.0422504 0.187859 0.0887394
5 0.442956 0.62291 0.04055 0.172819 0.0281581
5 0.441685 0.602755 0.0381307 0.132474 0.0128091
3 0.255374 0.403534 0.105089 0.0510922 0.0101226
