3 0.276526 0.391265 0.141616 0.0706732 0.864353
3 0.551074 0.416507 0.242798 0.123511 0.853883
3 0.2349 0.280803 0.104473 0.0513706 0.836911
5 0.656445 0.474044 0.080734 0.261649 0.797913
8 0.0316255 0.0869536 0.0402709 0.0339564 0.783637
8 0.108049 0.976474 0.0329854 0.0153956 0.433648
5 0.445705 0.396661 0.0293239 0.069089 0.37364
5 0.445115 0.394242 0.0276931 0.0665672 0.194037
8 0.108112 0.975365 0.0342695 0.017196 0.178789
5 0.640246 0.507209 0.0439929 0.190171 0.0508661
8 0.106673 0.976659 0.0343284 0.0163959 0.0119439
5 0.333542 0.534888 0.0249559 0.287563 0.0112926
5 0.333555 0.517475 0.0235892 0.269123 0.0106279
