8 0.0376749 0.90121 0.0753497 0.0772163 0.852577
3 0.395968 0.566758 0.225572 0.071072 0.846115
5 0.509389 0.601615 0.135047 0.204764 0.693806
5 0.301218 0.6341 0.0396589 0.142054 0.535904
5 0.523863 0.549986 0.103957 0.099068 0.188672
5 0.300871 0.643627 0.0440771 0.166465 0.0456458
5 0.290292 0.589291 0.0573003 0.258238 0.0368582
5 0.487123 0.614712 0.0881403 0.170094 0.0365528
5 0.30128 0.623192 0.0356462 0.11458 0.0323915
7 0.172861 0.618939 0.250629 0.361073 0.0318608
5 0.521602 0.550519 0.109059 0.104227 0.0310157
7 0.168546 0.663881 0.277707 0.412636 0.0272274
5 0.295354 0.515728 0.0230905 0.0894321 0.0245061
5 0.486933 0.605457 0.0787473 0.153661 0.0145987
5 0.297003 0.521234 0.0272529 0.105672 0.0140363
5 0.301559 0.578055 0.0363052 0.207937 0.0124555
5 0.528108 0.546844 0.0974391 0.0935666 0.0100146
