4 0.634559 0.539718 0.589091 0.294987 0.963957
3 0.55415 0.572971 0.253814 0.0623416 0.907766
3 0.213889 0.431337 0.143512 0.0502802 0.863991
3 0.254717 0.541589 0.168354 0.0771783 0.863064
5 0.660345 0.643959 0.0716104 0.24406 0.705823
8 0.0342794 0.108251 0.0396106 0.0144632 0.647813
5 0.441137 0.550525 0.0323608 0.0736672 0.476896
5 0.439934 0.547904 0.0307223 0.0704068 0.157583
5 0.656229 0.638954 0.0599351 0.20887 0.0442496
5 0.653741 0.643216 0.0568662 0.211823 0.036071
5 0.320104 0.616388 0.0224519 0.158038 0.0272375
5 0.658242 0.628115 0.0621702 0.193198 0.0118524
5 0.319772 0.605539 0.0211109 0.132817 0.0118165
