4 0.557892 0.577646 0.243435 0.443319 0.949585
8 0.0215316 0.0868482 0.0296724 0.0341896 0.793086
3 0.548164 0.507865 0.348809 0.192866 0.759523
3 0.245837 0.417181 0.0898264 0.0614405 0.582891
3 0.546767 0.495825 0.367478 0.171 0.292886
8 0.841106 0.994186 0.0259508 0.0101661 0.117932
3 0.671577 0.469805 0.129097 0.0999899 0.0878952
8 0.863462 0.994719 0.0631802 0.00956596 0.0218742
8 0.850335 0.994847 0.0393352 0.00937866 0.0215298
3 0.443632 0.536299 0.152146 0.144333 0.016238
0 0.671577 0.469805 0.129097 0.0999899 0.0144502
8 0.834579 0.994514 0.0318004 0.00964058 0.0133775
3 0.502545 0.523313 0.282049 0.204887 0.0107409
