3 0.294374 0.546081 0.216899 0.0874067 0.864384
3 0.623877 0.565885 0.361085 0.13325 0.863517
8 0.959387 0.0923607 0.0460925 0.0334699 0.802136
5 0.380059 0.570255 0.0434802 0.125469 0.699456
5 0.769298 0.637951 0.107517 0.269077 0.620847
5 0.465035 0.560987 0.0565631 0.0801954 0.187475
5 0.465503 0.564464 0.0608809 0.0888445 0.161685
5 0.756452 0.653525 0.0751345 0.206175 0.144949
5 0.379509 0.574834 0.0483019 0.138238 0.0918783
5 0.75695 0.64596 0.0749458 0.19915 0.0197504
5 0.205503 0.614304 0.0175342 0.117683 0.0133104
5 0.466864 0.581183 0.0613996 0.131116 0.0105735
