3 0.606343 0.559089 0.222916 0.0767268 0.874963
8 0.238112 0.230325 0.0507268 0.0345921 0.812331
5 0.65483 0.649444 0.096228 0.169012 0.645522
5 0.654339 0.653856 0.103962 0.193993 0.185582
5 0.531317 0.494169 0.103635 0.114631 0.124774
5 0.518837 0.575245 0.139483 0.275468 0.083046
3 0.549606 0.456514 0.145888 0.052569 0.0508994
5 0.645027 0.705397 0.131157 0.299561 0.0266186
5 0.529337 0.537514 0.118432 0.208234 0.02544
5 0.53267 0.490916 0.114495 0.128669 0.0181513
5 0.532726 0.492673 0.0987367 0.105942 0.0142974
