3 0.515691 0.671297 0.244482 0.124639 0.875545
8 0.0417025 0.485832 0.0419833 0.0341478 0.768023
8 0.0877913 0.973064 0.0614227 0.022501 0.733519
5 0.62513 0.785989 0.0759285 0.199854 0.488864
5 0.625717 0.784011 0.0701659 0.183966 0.412294
5 0.62273 0.777568 0.0606599 0.170442 0.182518
3 0.222754 0.573221 0.162273 0.0678293 0.118384
5 0.325194 0.794526 0.0938197 0.375169 0.0829026
3 0.222689 0.577338 0.163001 0.0725681 0.0735788
5 0.297657 0.728923 0.0372081 0.26008 0.0588989
5 0.299321 0.746643 0.0428827 0.292512 0.0556812
8 0.0860868 0.948255 0.0666541 0.0723201 0.0198483
8 0.0866387 0.937718 0.0642723 0.0904602 0.0132651
8 0.0871153 0.960343 0.0643483 0.0477403 0.0121128
