4 0.671498 0.631442 0.417527 0.714348 0.882763
3 0.568351 0.687154 0.209712 0.0991544 0.854149
8 0.0400612 0.343819 0.0326165 0.0508682 0.656806
5 0.49861 0.608107 0.0482665 0.139261 0.617205
3 0.574992 0.51457 0.235123 0.076281 0.365322
3 0.583557 0.544558 0.249103 0.128982 0.195279
3 0.58663 0.526031 0.256116 0.101731 0.0458094
3 0.280346 0.452268 0.0760278 0.0614514 0.0278831
8 0.0395502 0.361587 0.0342766 0.0210904 0.0212582
3 0.586011 0.52053 0.259742 0.0950673 0.018308
5 0.634965 0.804749 0.0434284 0.21936 0.0120085
5 0.636381 0.775931 0.0426439 0.183224 0.0119042
3 0.585566 0.512532 0.267948 0.0844652 0.0114984
