3 0.649704 0.672595 0.283244 0.116018 0.804436
8 0.0972354 0.600619 0.0355563 0.033632 0.799563
8 0.0903478 0.769119 0.0336709 0.02455 0.740609
5 0.540005 0.602003 0.0980846 0.143004 0.473485
5 0.755631 0.732798 0.0674406 0.240461 0.451621
0 0.712682 0.519816 0.191876 0.29641 0.238174
5 0.540265 0.601217 0.0974549 0.141569 0.198992
3 0.186589 0.434437 0.121945 0.0620734 0.101749
3 0.649831 0.673264 0.283684 0.114912 0.0671108
5 0.540737 0.597555 0.109514 0.152548 0.0506173
5 0.755767 0.73838 0.0570507 0.197595 0.0353026
5 0.755389 0.72666 0.0590316 0.192618 0.0303067
5 0.543936 0.669924 0.104049 0.270252 0.0261013
