3 0.617022 0.589753 0.197194 0.106128 0.876548
8 0.968397 0.0864622 0.0294301 0.0332853 0.799345
4 0.685581 0.526726 0.315102 0.705416 0.520792
4 0.684898 0.501242 0.32189 0.659316 0.427586
3 0.599934 0.441114 0.249713 0.10915 0.0794164
3 0.600475 0.436094 0.250219 0.0862516 0.0717788
3 0.567164 0.428476 0.18232 0.065592 0.0581619
5 0.687689 0.66591 0.0380574 0.175016 0.0285593
5 0.68817 0.678759 0.0399277 0.195253 0.0284154
5 0.688224 0.648563 0.0361725 0.142167 0.0193968
4 0.683813 0.5033 0.32306 0.658481 0.0149884
5 0.689408 0.695175 0.0416091 0.221865 0.0108483
3 0.599668 0.438523 0.248307 0.0902747 0.0105696
3 0.370368 0.508006 0.121804 0.0859236 0.010463
