3 0.582684 0.757312 0.193855 0.102738 0.86275
3 0.332111 0.668042 0.154942 0.0634098 0.829795
8 0.114021 0.868687 0.0415184 0.034901 0.799284
8 0.0990695 0.322138 0.0390624 0.023589 0.795013
5 0.656343 0.780584 0.0461854 0.195442 0.590547
5 0.501855 0.809137 0.0545076 0.31692 0.282873
5 0.501771 0.806398 0.0551657 0.316944 0.20512
5 0.657527 0.776921 0.050326 0.218787 0.181254
5 0.506359 0.807781 0.0433286 0.263061 0.093742
5 0.362763 0.825443 0.024043 0.28798 0.0252623
5 0.363924 0.813041 0.0235369 0.268604 0.0148813
5 0.361733 0.823162 0.0448583 0.2956 0.0100072
