3 0.54943 0.617545 0.255132 0.0862507 0.881877
8 0.96539 0.0648233 0.0604535 0.0668131 0.857015
5 0.444303 0.774209 0.0546245 0.275006 0.56819
5 0.654514 0.685267 0.143327 0.289899 0.354163
5 0.43909 0.686397 0.0344136 0.0999319 0.175569
5 0.63546 0.620753 0.109371 0.136935 0.0586244
5 0.608712 0.742756 0.0331563 0.198534 0.0349327
5 0.443236 0.760895 0.0530752 0.260897 0.031935
5 0.636727 0.618269 0.112882 0.134791 0.0289674
5 0.439235 0.696751 0.0389071 0.124773 0.0157545
5 0.65532 0.619886 0.146084 0.157317 0.0139271
5 0.43904 0.689423 0.0367618 0.10829 0.0117161
