8 0.0994954 0.855086 0.111778 0.0807839 0.90771
3 0.659683 0.582429 0.210367 0.084437 0.875491
3 0.34164 0.53864 0.164673 0.0685003 0.776975
5 0.560506 0.621448 0.0778833 0.214261 0.656951
5 0.746063 0.652285 0.0224624 0.160546 0.134244
5 0.746087 0.665438 0.0257693 0.187906 0.125099
5 0.560858 0.61942 0.0704041 0.206832 0.0918912
5 0.746024 0.641461 0.0206652 0.140349 0.0822464
5 0.559751 0.612151 0.0686223 0.191702 0.0637558
5 0.398624 0.594623 0.0252135 0.125353 0.0361155
5 0.399345 0.610713 0.0306148 0.162446 0.0243253
5 0.398352 0.584882 0.0222228 0.10281 0.0218156
5 0.747108 0.647155 0.0299889 0.203583 0.0170596
5 0.745975 0.67742 0.0291316 0.212584 0.0163429
5 0.745687 0.634785 0.0300581 0.193449 0.015934
5 0.398585 0.629344 0.0320527 0.201899 0.0132916
5 0.746284 0.629855 0.0199165 0.122495 0.0107564
5 0.55969 0.608154 0.0698484 0.183693 0.0104905
