8 0.152298 0.936968 0.0970897 0.0755049 0.891152
3 0.470131 0.465138 0.194756 0.0771351 0.849083
5 0.413763 0.525372 0.0581481 0.124039 0.475579
5 0.552952 0.485878 0.0453524 0.170476 0.147064
5 0.559111 0.525901 0.0333382 0.108021 0.125557
5 0.553502 0.494531 0.0548703 0.198505 0.103307
5 0.399463 0.495554 0.0836026 0.205828 0.0679
5 0.560745 0.531775 0.0344999 0.125098 0.0535491
5 0.545183 0.437685 0.0325362 0.0773197 0.0364144
5 0.414502 0.529646 0.0612897 0.138911 0.0288193
5 0.553089 0.469329 0.0378346 0.126983 0.0156982
5 0.552758 0.494073 0.0479216 0.192854 0.0156525
5 0.547961 0.492934 0.0528273 0.200465 0.012918
