8 0.0387495 0.967784 0.077499 0.0621371 0.832439
8 0.106388 0.820022 0.059074 0.0348276 0.796209
3 0.482305 0.401788 0.397206 0.0742808 0.706175
6 0.656165 0.54734 0.240466 0.392006 0.54971
6 0.656071 0.536802 0.235121 0.369989 0.330856
3 0.77041 0.266902 0.07624 0.0314279 0.29829
3 0.470472 0.423278 0.364524 0.0586669 0.0694921
7 0.323963 0.311806 0.202472 0.192219 0.0463434
3 0.463278 0.432268 0.344287 0.0651622 0.0210253
7 0.321138 0.318939 0.203477 0.192128 0.0165645
7 0.74853 0.555292 0.412904 0.415926 0.011315
