8 0.0538863 0.495764 0.107773 0.0996911 0.912446
3 0.576954 0.471752 0.187643 0.0909788 0.852568
3 0.332415 0.446637 0.158725 0.0957458 0.546071
5 0.277728 0.460889 0.0473641 0.132316 0.296378
3 0.330952 0.424696 0.156116 0.0710663 0.218465
3 0.3325 0.44394 0.158807 0.101308 0.173663
5 0.649972 0.535988 0.0313082 0.208446 0.162069
5 0.649797 0.544716 0.0329921 0.215413 0.151279
5 0.387553 0.524889 0.0483247 0.277529 0.0948764
5 0.650196 0.529921 0.0296687 0.19189 0.0864605
5 0.275918 0.455013 0.0409468 0.116038 0.0595085
5 0.387568 0.498913 0.0437296 0.22782 0.0582155
5 0.274971 0.456363 0.0397358 0.119752 0.0523695
5 0.387128 0.510252 0.043619 0.256687 0.0343053
5 0.278032 0.462543 0.0472833 0.137513 0.0315077
5 0.278751 0.478699 0.0527673 0.17294 0.0116059
3 0.331943 0.453964 0.157094 0.0811492 0.0101859
