8 0.120951 0.153505 0.0784818 0.0812365 0.91049
3 0.39406 0.64674 0.174972 0.0829704 0.861227
3 0.344317 0.577433 0.13661 0.0563081 0.767162
6 0.516106 0.643091 0.27582 0.372224 0.275049
7 0.20243 0.642506 0.26991 0.376513 0.0822886
7 0.194706 0.667584 0.280102 0.436731 0.0753134
3 0.334199 0.605026 0.153967 0.116632 0.0368389
7 0.189805 0.684701 0.287785 0.465106 0.0304365
3 0.411683 0.611516 0.162855 0.142703 0.0270954
3 0.421306 0.521333 0.094698 0.0447494 0.0227129
3 0.31894 0.636453 0.129618 0.0803427 0.0127878
