3 0.592853 0.632801 0.313776 0.129532 0.882447
3 0.195735 0.455831 0.136176 0.0807663 0.881511
8 0.0236841 0.334649 0.0359343 0.0347485 0.67498
8 0.0473784 0.374266 0.0708868 0.0238867 0.639503
8 0.0472578 0.37443 0.0712759 0.023467 0.138889
5 0.722053 0.698127 0.0885327 0.259267 0.109261
8 0.0457513 0.349717 0.076646 0.0752169 0.106406
5 0.709878 0.728457 0.0530474 0.156181 0.0799127
5 0.724994 0.703137 0.0946008 0.274987 0.044839
8 0.0448424 0.351954 0.0771679 0.0721028 0.040438
5 0.708955 0.739703 0.0544101 0.181151 0.0378051
5 0.469966 0.733885 0.0429448 0.159167 0.0188288
8 0.0351347 0.348422 0.0663952 0.0761552 0.0177128
5 0.709303 0.741612 0.0562637 0.1887 0.0173703
