3 0.472536 0.569875 0.192291 0.0990716 0.850529
8 0.74646 0.946001 0.0487011 0.0364581 0.806982
5 0.386551 0.616137 0.0466436 0.264908 0.677718
5 0.636507 0.710605 0.0680687 0.332658 0.581072
5 0.529167 0.612829 0.0914014 0.24825 0.180457
5 0.528373 0.610709 0.0940941 0.24886 0.132113
5 0.388257 0.626652 0.0477215 0.223879 0.126396
5 0.539841 0.580494 0.0679069 0.183958 0.122758
5 0.388021 0.611494 0.0435109 0.22773 0.0858942
5 0.531008 0.606026 0.0881213 0.238631 0.0725445
5 0.386238 0.616381 0.0487399 0.262908 0.01441
5 0.547646 0.535599 0.0489477 0.101089 0.0100121
