8 0.145171 0.214614 0.122294 0.0977229 0.90819
3 0.651029 0.486097 0.201544 0.0938917 0.873717
3 0.394826 0.494217 0.152201 0.0653708 0.862905
5 0.728048 0.539542 0.0612917 0.215435 0.400619
5 0.570374 0.546357 0.0790336 0.257168 0.283839
5 0.726992 0.541124 0.06361 0.224977 0.176244
5 0.33422 0.514969 0.0335138 0.134021 0.115734
5 0.435587 0.53177 0.0752576 0.215391 0.0659504
5 0.561578 0.494153 0.0725799 0.160694 0.0499967
5 0.450595 0.498681 0.0440418 0.153089 0.0434481
5 0.4486 0.50907 0.0495165 0.175746 0.0426454
5 0.335355 0.493133 0.0347745 0.125761 0.0373881
5 0.580444 0.573875 0.0695911 0.2162 0.0320978
5 0.728362 0.529271 0.0579864 0.194668 0.0302746
5 0.729227 0.530312 0.0577548 0.198582 0.0123908
5 0.559752 0.491307 0.0680314 0.147609 0.0120115
5 0.439032 0.516817 0.0661734 0.187312 0.0108958
5 0.450298 0.469738 0.0349624 0.0984868 0.010686
