8 0.161273 0.876536 0.11842 0.11858 0.922848
3 0.579378 0.477948 0.170966 0.0779193 0.867891
3 0.367163 0.506649 0.141992 0.079013 0.827169
5 0.649831 0.572502 0.0602565 0.326458 0.818627
5 0.504494 0.491706 0.0636019 0.179271 0.497768
5 0.502759 0.463941 0.0578605 0.125625 0.274093
5 0.423567 0.575763 0.047612 0.301502 0.177916
5 0.509337 0.502575 0.0725492 0.212747 0.168816
5 0.309626 0.518403 0.0337662 0.171486 0.127421
5 0.310446 0.525231 0.0363766 0.182363 0.0576443
5 0.4226 0.563442 0.0400468 0.224823 0.0481124
5 0.417965 0.478884 0.0315929 0.108334 0.0434296
5 0.503149 0.475262 0.0612915 0.148453 0.0287713
5 0.315863 0.545291 0.0459982 0.230472 0.0258665
5 0.308206 0.502434 0.0282333 0.137495 0.0203287
5 0.648813 0.589389 0.052196 0.221725 0.0199956
5 0.315842 0.559735 0.0472349 0.260971 0.0199327
5 0.426552 0.58286 0.0477639 0.319633 0.0174764
5 0.310766 0.542108 0.0402586 0.224219 0.0157991
5 0.307305 0.491702 0.0245251 0.113739 0.0128797
5 0.648517 0.589704 0.0536925 0.216359 0.0116446
5 0.416494 0.473012 0.0269269 0.0987373 0.0112636
5 0.309079 0.512189 0.0311211 0.157882 0.0100824
