3 0.482859 0.342537 0.218304 0.0773728 0.869246
3 0.746922 0.341138 0.120294 0.0673245 0.862834
8 0.87026 0.691117 0.0611793 0.0359068 0.819288
5 0.573766 0.449066 0.0617849 0.320976 0.763739
5 0.792243 0.383123 0.0247134 0.107616 0.153823
5 0.792424 0.372086 0.0235891 0.0987803 0.102382
5 0.791838 0.393184 0.0260629 0.128097 0.064618
5 0.793975 0.378635 0.0175802 0.0890658 0.0540628
5 0.792185 0.3571 0.0252774 0.0867035 0.0388331
5 0.573461 0.402514 0.0598558 0.230313 0.0383621
5 0.794038 0.373268 0.0219623 0.0971658 0.0216243
