3 0.44163 0.488554 0.143833 0.0838943 0.843215
8 0.287539 0.957309 0.0345347 0.0346768 0.817994
3 0.378611 0.498323 0.124019 0.0754151 0.791046
8 0.101447 0.902949 0.0674217 0.0326988 0.751543
5 0.498107 0.531732 0.0303749 0.23838 0.526894
5 0.496527 0.535525 0.036463 0.243526 0.306398
5 0.333186 0.521056 0.0354634 0.197203 0.230212
5 0.332026 0.50933 0.0324191 0.178063 0.222536
5 0.332828 0.522764 0.034288 0.196555 0.173774
8 0.100376 0.872221 0.0689708 0.0934722 0.156958
5 0.389156 0.515747 0.0597113 0.182038 0.136281
5 0.332928 0.515093 0.0346217 0.19043 0.112497
5 0.331856 0.521061 0.0336535 0.203759 0.0505605
8 0.100945 0.893926 0.0701643 0.0531503 0.0324285
5 0.332064 0.50781 0.0337554 0.1757 0.0109033
