8 0.0896555 0.392389 0.105608 0.111438 0.919436
3 0.629755 0.609933 0.165397 0.0940503 0.888864
3 0.447009 0.631674 0.106148 0.0634365 0.855982
5 0.695274 0.670103 0.0487483 0.245433 0.533173
5 0.696292 0.662518 0.0443086 0.226127 0.492409
5 0.405791 0.647432 0.0329525 0.153568 0.333252
5 0.405892 0.650189 0.0350299 0.162415 0.186977
5 0.488643 0.662602 0.0462349 0.249826 0.120373
5 0.489517 0.630499 0.041554 0.175831 0.107319
5 0.566008 0.578318 0.0457409 0.102044 0.0939735
5 0.489156 0.615511 0.0417178 0.14499 0.0246848
5 0.564422 0.604732 0.0513662 0.150789 0.0120903
5 0.488444 0.609427 0.0421085 0.140167 0.0114112
