4 0.694828 0.473548 0.534569 0.4755 0.945801
3 0.593135 0.454858 0.333567 0.111281 0.892876
3 0.249582 0.419458 0.12703 0.0610441 0.857235
3 0.317765 0.630625 0.139491 0.0835949 0.850079
5 0.364095 0.7654 0.0594926 0.461459 0.807476
8 0.0815882 0.215544 0.0365319 0.0360547 0.783987
8 0.0109055 0.407908 0.021811 0.0177383 0.618308
5 0.705855 0.541019 0.079048 0.179851 0.554364
5 0.258626 0.690951 0.0285935 0.193615 0.154774
5 0.373314 0.593907 0.0309064 0.125584 0.0532125
5 0.373289 0.586536 0.0271371 0.10872 0.0177044
8 0.0120059 0.402884 0.0240118 0.0293725 0.0124618
