3 0.64436 0.435547 0.349639 0.0964974 0.872226
3 0.2908 0.382591 0.135429 0.0689255 0.859015
3 0.334413 0.625333 0.141259 0.091691 0.844828
3 0.609027 0.607634 0.237119 0.136944 0.817413
8 0.0476164 0.750001 0.0578996 0.020815 0.630617
8 0.0488315 0.71591 0.0583462 0.0860755 0.219439
5 0.51224 0.600758 0.0414342 0.154381 0.0640761
5 0.316198 0.748233 0.0890051 0.422818 0.033569
5 0.322044 0.678762 0.110341 0.25276 0.0248607
5 0.276147 0.687152 0.0253804 0.289639 0.0201893
8 0.0477742 0.739514 0.0605763 0.0434113 0.0115939
