3 0.454089 0.481988 0.26168 0.105478 0.855413
8 0.100696 0.0784512 0.044403 0.0346358 0.800416
6 0.628519 0.588968 0.182711 0.513934 0.576751
3 0.505248 0.526977 0.1577 0.0958321 0.186171
7 0.254853 0.531784 0.288665 0.477096 0.136122
7 0.710508 0.579702 0.340526 0.617925 0.0991805
7 0.71366 0.501456 0.316705 0.438563 0.0853253
3 0.497285 0.509804 0.175214 0.13039 0.0581371
3 0.504908 0.551989 0.15048 0.051967 0.0239603
7 0.693651 0.580253 0.313527 0.598046 0.0150427
3 0.505817 0.540802 0.152157 0.068501 0.0105338
