3 0.553704 0.48091 0.264255 0.119159 0.869393
3 0.326609 0.458465 0.165018 0.0584978 0.80916
8 0.826098 0.868589 0.0393463 0.0355512 0.798054
5 0.473443 0.535833 0.0917473 0.166685 0.435837
5 0.477691 0.542071 0.102877 0.186361 0.203656
5 0.665856 0.534697 0.0236099 0.143605 0.188746
5 0.475453 0.538395 0.0970182 0.170989 0.121687
5 0.392924 0.62296 0.05614 0.313704 0.12155
5 0.66615 0.543311 0.0245491 0.168247 0.0947296
5 0.37939 0.531828 0.0195283 0.128904 0.0162339
5 0.668728 0.53576 0.025808 0.156535 0.0152074
5 0.485869 0.588943 0.122545 0.28268 0.0126758
5 0.379812 0.546213 0.0222069 0.160382 0.0125029
5 0.383276 0.600049 0.0314158 0.282448 0.0118175
5 0.382313 0.591788 0.0312547 0.248518 0.0105187
5 0.380743 0.571088 0.0263044 0.211469 0.0105171
