8 0.938505 0.108511 0.0747017 0.079686 0.905401
3 0.727456 0.458646 0.125552 0.0751084 0.859892
3 0.513483 0.498568 0.194166 0.0991332 0.856775
5 0.436004 0.531382 0.0828273 0.225906 0.81458
5 0.594865 0.695212 0.0507103 0.564349 0.749337
5 0.780327 0.511199 0.0172544 0.152259 0.191616
5 0.780065 0.498951 0.0162306 0.122371 0.151809
5 0.599357 0.500259 0.0319171 0.162524 0.129158
5 0.440977 0.527018 0.0671712 0.201319 0.126691
5 0.677605 0.47273 0.0242204 0.11894 0.0712987
5 0.678339 0.479035 0.0255009 0.13782 0.0561595
5 0.780279 0.487187 0.015681 0.0971887 0.0526668
5 0.780983 0.526718 0.0194663 0.184953 0.0483285
5 0.591528 0.668194 0.0532943 0.500726 0.0240533
5 0.591682 0.654765 0.0526012 0.476251 0.0239127
5 0.599548 0.493096 0.0282903 0.137673 0.0175202
5 0.781253 0.541667 0.020968 0.205241 0.0152859
