8 0.914689 0.266223 0.123414 0.0858859 0.91021
3 0.609658 0.454808 0.135421 0.0627786 0.855251
3 0.307115 0.568031 0.178891 0.101462 0.837763
5 0.64626 0.553093 0.0302019 0.189271 0.239492
5 0.645599 0.568956 0.0331365 0.219875 0.140932
5 0.646578 0.536065 0.026747 0.151479 0.111406
5 0.233452 0.587771 0.0223602 0.197979 0.0683126
5 0.373072 0.688521 0.0638938 0.44308 0.0580671
5 0.373345 0.703963 0.0638822 0.47447 0.0511998
5 0.371752 0.636653 0.058812 0.340328 0.0347696
5 0.371681 0.642475 0.0599686 0.352744 0.0320803
