3 0.594486 0.481836 0.227903 0.0957918 0.853173
8 0.0379113 0.0862971 0.0458681 0.033268 0.776167
5 0.687476 0.511048 0.0696762 0.30707 0.554303
5 0.686011 0.51244 0.0670791 0.31175 0.445274
8 0.0445188 0.33645 0.0878726 0.0647569 0.392444
8 0.0458496 0.359655 0.0876637 0.019086 0.3261
5 0.689599 0.523572 0.0611572 0.245765 0.0863867
5 0.502954 0.453487 0.0371685 0.0911759 0.0318902
5 0.498151 0.454585 0.0311818 0.0924899 0.0309341
8 0.0453479 0.341476 0.0896533 0.0551821 0.0225715
3 0.304407 0.419867 0.162916 0.0666921 0.019307
5 0.502727 0.450531 0.0331524 0.0862666 0.0165009
