8 0.0391444 0.0867225 0.0494435 0.0332279 0.859169
3 0.593412 0.507385 0.255797 0.0872393 0.855485
5 0.697295 0.540331 0.0579983 0.271482 0.333634
5 0.697733 0.529377 0.0459402 0.229109 0.11955
5 0.696705 0.547636 0.0473113 0.246628 0.116449
5 0.488963 0.47906 0.0466012 0.0801942 0.0744579
5 0.488983 0.497425 0.0555196 0.114594 0.0397139
5 0.489437 0.484963 0.0496671 0.0882801 0.0307212
5 0.488006 0.475902 0.0432732 0.078819 0.0284261
5 0.69816 0.537446 0.0573345 0.26934 0.0239263
5 0.702298 0.53164 0.0469883 0.241677 0.0236208
5 0.702694 0.521229 0.0473486 0.231661 0.0213657
5 0.489572 0.505661 0.0644912 0.136296 0.0196124
