8 0.943549 0.315354 0.0714308 0.0769354 0.898224
3 0.464242 0.653506 0.232159 0.140505 0.854277
3 0.740444 0.566549 0.141668 0.0760042 0.853489
3 0.775737 0.423088 0.101985 0.0680493 0.748938
5 0.375418 0.756661 0.0356648 0.195148 0.302673
5 0.554002 0.712704 0.0508272 0.282024 0.28597
5 0.352587 0.588309 0.0488884 0.128186 0.224378
5 0.551676 0.74904 0.0517192 0.354304 0.205648
5 0.556652 0.686944 0.0411269 0.231112 0.200251
5 0.36593 0.692664 0.0580512 0.321754 0.199256
5 0.376185 0.753228 0.0378721 0.196903 0.0821698
5 0.37544 0.748856 0.0339555 0.17737 0.0793983
5 0.352975 0.586247 0.0423553 0.114971 0.0495045
5 0.367937 0.699549 0.0543704 0.333465 0.039823
5 0.557887 0.677106 0.0399601 0.202925 0.0240335
5 0.375281 0.733113 0.0322933 0.140645 0.0112649
