8 0.891447 0.903735 0.0945575 0.0631784 0.890116
3 0.453521 0.535247 0.201939 0.0985743 0.847985
3 0.705589 0.48408 0.14066 0.0564912 0.804711
5 0.360744 0.546792 0.0580932 0.269948 0.1454
5 0.524511 0.571831 0.0787254 0.244651 0.0350989
5 0.361733 0.532749 0.0487437 0.210666 0.0242972
5 0.360855 0.544513 0.0519346 0.20822 0.0232748
3 0.70773 0.497951 0.136042 0.0549837 0.0215683
3 0.742065 0.367489 0.102495 0.0583869 0.0186882
5 0.525573 0.568341 0.0605507 0.199493 0.0155633
5 0.360788 0.538192 0.055763 0.258323 0.0138031
5 0.361427 0.52488 0.047374 0.214885 0.0121831
