8 0.915019 0.933541 0.15553 0.131634 0.931082
3 0.548225 0.693147 0.205888 0.121256 0.84343
8 0.721284 0.826106 0.0323423 0.0363051 0.822052
5 0.646242 0.742878 0.0572517 0.404015 0.796528
5 0.474509 0.772512 0.096774 0.351462 0.600525
5 0.468617 0.712198 0.0847672 0.234716 0.0210408
5 0.311 0.817751 0.0264346 0.271243 0.0204088
5 0.471941 0.749098 0.0933614 0.302878 0.0201596
5 0.645466 0.818789 0.0494194 0.268399 0.0180977
5 0.469357 0.729181 0.084268 0.224186 0.0157676
5 0.471305 0.712324 0.0875371 0.208954 0.0126212
