3 0.611288 0.562326 0.198227 0.0994129 0.843061
3 0.326728 0.531978 0.146485 0.0772408 0.834417
5 0.676125 0.67125 0.0889072 0.31447 0.814195
8 0.140287 0.258758 0.0365665 0.0332647 0.801774
8 0.0621222 0.334659 0.079115 0.0346159 0.731521
5 0.394987 0.539468 0.0487751 0.163822 0.568842
5 0.267208 0.599667 0.028635 0.201111 0.54868
5 0.510793 0.553528 0.082805 0.174371 0.472709
5 0.267041 0.591543 0.0275093 0.186207 0.280956
5 0.510176 0.552683 0.0775153 0.174294 0.247895
5 0.388001 0.634369 0.0555684 0.337365 0.0480273
8 0.0629601 0.306293 0.0765697 0.0896632 0.0439811
5 0.509773 0.541808 0.0742414 0.145421 0.0376961
5 0.387888 0.543168 0.0607369 0.167956 0.0358362
5 0.267689 0.594754 0.0325866 0.192631 0.0236557
5 0.4948 0.552911 0.0479265 0.174679 0.0215322
8 0.0628001 0.312177 0.079652 0.0815943 0.0197812
8 0.0610451 0.303433 0.0787386 0.0979021 0.0174814
5 0.52122 0.546517 0.099072 0.153107 0.0118172
5 0.267556 0.605398 0.0280552 0.199699 0.0100423
