8 0.780576 0.850526 0.039079 0.0341444 0.8254
3 0.432453 0.594645 0.331782 0.121264 0.695113
3 0.432215 0.5893 0.336048 0.127207 0.570177
3 0.464611 0.615103 0.248795 0.0832391 0.266039
3 0.433517 0.608954 0.319077 0.10199 0.073852
6 0.660265 0.709658 0.232963 0.425515 0.0380144
4 0.678034 0.0554701 0.316284 0.106016 0.0192165
7 0.285641 0.405798 0.204843 0.253027 0.0129009
4 0.742022 0.0554572 0.178025 0.108809 0.0126279
6 0.663036 0.708003 0.230178 0.425654 0.0124891
3 0.434376 0.617802 0.310084 0.0890342 0.010124
