8 0.921066 0.590152 0.0887792 0.0810824 0.912753
3 0.540585 0.435876 0.163174 0.0874645 0.827894
5 0.475832 0.54108 0.0863282 0.347367 0.550282
5 0.602012 0.529717 0.0343281 0.266301 0.465265
3 0.612437 0.440649 0.0880894 0.0573565 0.345309
3 0.612308 0.438454 0.0890103 0.061868 0.08466
5 0.600253 0.528345 0.0345235 0.207088 0.0623276
3 0.606632 0.438705 0.103347 0.0629508 0.0307152
3 0.61309 0.444299 0.0894848 0.0748981 0.0288428
5 0.599712 0.53698 0.0349216 0.219313 0.0257551
5 0.467675 0.439929 0.0607992 0.141724 0.0233455
5 0.471803 0.456576 0.0684978 0.179696 0.0226129
5 0.600729 0.517431 0.0337504 0.194945 0.0213886
5 0.645685 0.444745 0.0238888 0.100052 0.0208707
5 0.493724 0.546106 0.037687 0.216238 0.017865
5 0.647409 0.457028 0.0235571 0.150042 0.0177949
3 0.617505 0.44447 0.0763631 0.063011 0.0169061
3 0.610128 0.43976 0.0950226 0.061777 0.0122859
5 0.465334 0.4263 0.052402 0.108862 0.0109968
