3 0.609882 0.556492 0.269638 0.107078 0.894692
8 0.0360373 0.889825 0.0618242 0.0690289 0.707777
5 0.703704 0.632453 0.0621246 0.130058 0.227031
3 0.353289 0.538248 0.162057 0.0503193 0.149867
5 0.497493 0.583352 0.0365301 0.0972375 0.119205
5 0.498619 0.588626 0.0381615 0.101313 0.0929545
5 0.699852 0.644 0.0724145 0.155755 0.0857037
3 0.355104 0.533515 0.165931 0.0554968 0.0667982
5 0.496604 0.575846 0.0359098 0.0873755 0.0592625
3 0.356459 0.529386 0.169567 0.0595071 0.0508884
8 0.035791 0.889615 0.0617002 0.0692835 0.0500143
5 0.499458 0.601816 0.041249 0.126725 0.0364445
5 0.498041 0.580287 0.0366329 0.0883714 0.0349772
5 0.706617 0.623213 0.0537304 0.106175 0.0197263
5 0.498042 0.592135 0.0369835 0.1107 0.0159469
5 0.709741 0.613319 0.0469963 0.0871909 0.0155925
