8 0.0723096 0.454282 0.0780015 0.0598641 0.894149
3 0.282503 0.520179 0.0995763 0.0544428 0.87614
3 0.339062 0.704567 0.177995 0.0832851 0.863904
3 0.587813 0.748812 0.230032 0.0982786 0.827391
5 0.499045 0.851691 0.0586511 0.285763 0.752326
5 0.392966 0.665806 0.0647201 0.0921458 0.561571
5 0.273724 0.78573 0.0610005 0.172662 0.487133
5 0.273152 0.794593 0.0713162 0.20998 0.338334
5 0.69669 0.72159 0.0261345 0.124565 0.218991
5 0.696233 0.725424 0.0304353 0.134373 0.136992
5 0.69314 0.722129 0.0245456 0.120075 0.128382
5 0.497906 0.850062 0.0549562 0.28615 0.108315
5 0.368383 0.869603 0.061998 0.257329 0.0671638
5 0.362525 0.870127 0.0617069 0.258452 0.0551683
5 0.499327 0.846953 0.0549645 0.227062 0.0346049
5 0.391661 0.668172 0.0692735 0.0927881 0.0219303
5 0.371136 0.87986 0.0448198 0.240281 0.0207126
5 0.273445 0.76849 0.0575055 0.123672 0.0176596
5 0.692266 0.726412 0.0287728 0.129614 0.0174536
5 0.693579 0.717481 0.0223182 0.109928 0.015259
5 0.394591 0.664679 0.0572805 0.0879564 0.0144676
5 0.273323 0.796509 0.0627918 0.189647 0.013436
5 0.498822 0.833647 0.0545304 0.217287 0.0129775
5 0.692578 0.722223 0.0278415 0.125965 0.0118948
