8 0.0924881 0.271041 0.116398 0.0605388 0.882781
3 0.583687 0.756916 0.260617 0.116159 0.869527
3 0.486127 0.722398 0.24141 0.0629551 0.655397
5 0.402539 0.753028 0.0952807 0.301597 0.602831
5 0.405747 0.787405 0.0781164 0.216176 0.114565
3 0.473013 0.653657 0.172187 0.049138 0.0662296
3 0.484565 0.73573 0.254535 0.0953768 0.0278576
5 0.673751 0.887522 0.0841562 0.219446 0.0229329
5 0.406447 0.781294 0.0753702 0.204307 0.0173447
5 0.552186 0.686164 0.0494788 0.0778476 0.0162989
5 0.507646 0.836863 0.0756358 0.214486 0.0146235
