3 0.524713 0.438335 0.329593 0.166753 0.868505
5 0.63198 0.566294 0.110898 0.290587 0.787394
8 0.0284848 0.88486 0.0426344 0.0390751 0.512416
5 0.403176 0.548401 0.0447356 0.205605 0.360188
8 0.0278106 0.903844 0.0502032 0.0338985 0.332151
8 0.0279712 0.890647 0.0466932 0.0495807 0.126766
5 0.405879 0.558892 0.049714 0.236871 0.12276
8 0.0279193 0.910737 0.0493033 0.0203077 0.0975359
5 0.404128 0.552878 0.0453248 0.211814 0.0586862
5 0.625738 0.570866 0.0890564 0.220174 0.039827
3 0.236045 0.435693 0.158186 0.0545844 0.0379103
5 0.621793 0.577679 0.0842164 0.227634 0.0168202
3 0.235652 0.442244 0.157209 0.0592541 0.0117076
