3 0.576797 0.522862 0.318873 0.140168 0.877622
8 0.0799093 0.188429 0.0372995 0.0340801 0.806573
8 0.0221953 0.543962 0.0238879 0.0264766 0.49431
5 0.465617 0.632475 0.0794185 0.248522 0.236511
5 0.694681 0.590735 0.0748694 0.228853 0.121959
8 0.0243781 0.543882 0.024992 0.0266676 0.0470411
5 0.696331 0.575537 0.0660089 0.195311 0.0357848
8 0.0278792 0.502661 0.0362176 0.116569 0.0209591
5 0.462095 0.616565 0.0660741 0.21498 0.0113648
5 0.465331 0.629263 0.0668043 0.239422 0.0105634
8 0.021373 0.502599 0.0358409 0.115818 0.0105617
