5 0.407934 0.757687 0.145679 0.428383 0.888972
3 0.280894 0.718428 0.183683 0.125411 0.871463
3 0.504633 0.603123 0.242057 0.124059 0.859777
8 0.066673 0.866154 0.034779 0.0350912 0.732793
8 0.0664338 0.939808 0.0709531 0.0234152 0.58669
5 0.374652 0.810789 0.0510018 0.328373 0.200432
8 0.0652018 0.903799 0.0736975 0.0997167 0.11088
5 0.201475 0.647288 0.0311122 0.177873 0.0564197
8 0.0660705 0.917876 0.0748468 0.0691491 0.0306055
5 0.603254 0.636233 0.0372302 0.230991 0.0305981
5 0.606148 0.579287 0.0274454 0.104833 0.0304844
5 0.605485 0.587202 0.0299096 0.125562 0.0292975
5 0.201545 0.641388 0.0284894 0.17004 0.0279468
5 0.605006 0.602984 0.0320764 0.161426 0.0142176
5 0.374698 0.836448 0.0442812 0.243033 0.0119257
5 0.20299 0.742391 0.0243912 0.197829 0.0106539
