8 0.0627448 0.881243 0.072535 0.0999845 0.90833
3 0.560357 0.690467 0.239679 0.133589 0.872709
3 0.272732 0.739223 0.142337 0.125815 0.852154
5 0.644061 0.729368 0.0618755 0.163679 0.474082
5 0.456195 0.7418 0.0399863 0.231966 0.443972
5 0.455275 0.732602 0.0342457 0.203489 0.395317
5 0.636697 0.767846 0.0784725 0.245862 0.238143
5 0.320658 0.869759 0.01811 0.247685 0.0984749
5 0.325453 0.836386 0.0282769 0.283214 0.0817869
5 0.32097 0.864825 0.0181326 0.270349 0.0482556
5 0.322018 0.850009 0.019184 0.271111 0.0473255
5 0.320123 0.867733 0.0177134 0.222958 0.0464288
5 0.321522 0.859128 0.0187969 0.281744 0.0256725
5 0.322451 0.836527 0.0186711 0.253601 0.0171008
5 0.646165 0.719214 0.0571344 0.144451 0.0168248
5 0.319999 0.875521 0.0185041 0.212904 0.0148473
