3 0.179177 0.477572 0.118242 0.0537494 0.869625
3 0.564418 0.68716 0.253704 0.0776922 0.840467
5 0.433318 0.725209 0.0634694 0.30041 0.816344
8 0.0735015 0.154148 0.0465537 0.0349133 0.793666
5 0.66066 0.712133 0.0728171 0.231298 0.259507
8 0.0400189 0.376757 0.0282541 0.0204858 0.225136
8 0.0400437 0.376512 0.0294269 0.0217873 0.2173
5 0.680174 0.659841 0.0328823 0.126302 0.10688
5 0.662733 0.708988 0.0611619 0.215169 0.0205679
5 0.676594 0.66005 0.0336726 0.122372 0.0169872
5 0.432496 0.739837 0.0591862 0.251466 0.0139172
