8 0.103416 0.392258 0.0985947 0.108099 0.911746
3 0.590011 0.557078 0.261011 0.0715465 0.860097
3 0.310949 0.492187 0.0891588 0.057406 0.531302
8 0.00635639 0.37719 0.0127128 0.0593791 0.0667271
8 0.00615688 0.385488 0.0123138 0.0620238 0.0472308
8 0.0059783 0.425477 0.0119566 0.0453862 0.0450162
8 0.00620758 0.395628 0.0124152 0.0826745 0.0413214
8 0.0061182 0.4123 0.0122364 0.0695798 0.0403686
8 0.00615492 0.953316 0.0123098 0.0479699 0.0182403
8 0.00615118 0.963768 0.0123024 0.0368716 0.0159131
8 0.00615593 0.368072 0.0123119 0.0584248 0.0131456
8 0.034295 0.995295 0.0556852 0.00817756 0.0124737
8 0.00579022 0.437351 0.0115804 0.0256233 0.0103116
