8 0.0640408 0.282242 0.128082 0.0981614 0.908714
3 0.601287 0.465642 0.210685 0.0763258 0.876043
3 0.308402 0.472267 0.18051 0.121573 0.529794
5 0.684655 0.50524 0.0343442 0.120071 0.40844
3 0.310094 0.479436 0.182269 0.13505 0.284932
5 0.374117 0.490699 0.0637242 0.155272 0.202568
5 0.386432 0.510952 0.0363732 0.135573 0.0790008
5 0.683174 0.517383 0.0394601 0.14295 0.058109
3 0.307386 0.464448 0.180689 0.105893 0.0523286
5 0.375334 0.488151 0.0616969 0.150726 0.0523079
5 0.271324 0.564683 0.0341289 0.120409 0.034087
5 0.271754 0.575828 0.035725 0.14513 0.0225346
5 0.269545 0.505014 0.0990061 0.191549 0.0196425
5 0.310094 0.479436 0.182269 0.13505 0.0133229
