3 0.422254 0.34784 0.313822 0.0690884 0.883415
8 0.889195 0.275677 0.0757447 0.0803368 0.841351
3 0.571996 0.352881 0.141696 0.0477822 0.564494
5 0.332955 0.408085 0.115361 0.141802 0.547397
5 0.333754 0.417305 0.124198 0.162972 0.270557
5 0.54533 0.436166 0.0542755 0.182989 0.0181077
5 0.543726 0.392734 0.0545459 0.140981 0.0150558
5 0.567091 0.633668 0.0913339 0.565284 0.0131684
5 0.331161 0.394047 0.10379 0.11042 0.0129115
5 0.554575 0.470716 0.071544 0.250113 0.0108338
5 0.544057 0.413676 0.0530712 0.175687 0.0100506
