3 0.435442 0.393927 0.320185 0.0804681 0.874004
8 0.925941 0.187234 0.0914076 0.0812322 0.852352
3 0.747613 0.393278 0.181452 0.0532877 0.835229
5 0.685407 0.444948 0.0510622 0.126158 0.34362
5 0.326876 0.458603 0.114346 0.175528 0.218859
5 0.688198 0.444395 0.0477872 0.115776 0.122161
5 0.328293 0.465794 0.113753 0.181378 0.11619
5 0.685009 0.459873 0.0572275 0.158901 0.101686
5 0.82691 0.40484 0.0237996 0.0858756 0.0798784
5 0.687005 0.457154 0.0543895 0.150742 0.0606411
5 0.325958 0.425284 0.103194 0.106198 0.0446209
5 0.326847 0.444997 0.108496 0.147759 0.0414847
5 0.327568 0.460674 0.119156 0.185602 0.0410213
5 0.827094 0.421188 0.0234879 0.126115 0.0207672
5 0.685175 0.432001 0.0461676 0.0962448 0.0102753
