8 0.926102 0.366825 0.0769453 0.116125 0.917279
3 0.431544 0.636551 0.193678 0.10318 0.867531
5 0.516184 0.692277 0.0795752 0.344074 0.845942
3 0.684494 0.554279 0.129869 0.0748501 0.803924
5 0.379523 0.754087 0.0903262 0.367196 0.802878
5 0.6307 0.580469 0.0321617 0.225186 0.555291
5 0.739548 0.585735 0.0279318 0.230761 0.372092
5 0.629985 0.592774 0.0330058 0.235152 0.152492
5 0.73929 0.583038 0.0287105 0.234614 0.135266
5 0.631202 0.587073 0.0305942 0.226739 0.0236346
3 0.68253 0.585326 0.155556 0.225986 0.020051
