8 0.815564 0.37235 0.0798328 0.0683851 0.899124
5 0.48954 0.729648 0.116861 0.231634 0.655886
3 0.500591 0.588364 0.170865 0.100859 0.631481
5 0.600887 0.490431 0.0604713 0.172188 0.471429
5 0.427008 0.519616 0.102856 0.200075 0.397394
3 0.510307 0.559575 0.197997 0.179521 0.312311
5 0.431961 0.518432 0.108114 0.18913 0.279098
5 0.595172 0.49606 0.0736017 0.183908 0.212836
5 0.456381 0.629232 0.168182 0.423307 0.203391
5 0.592655 0.479161 0.0748462 0.14894 0.180721
5 0.490161 0.730017 0.104733 0.222759 0.104482
3 0.52392 0.523766 0.200346 0.110608 0.0992704
5 0.577008 0.573525 0.0620536 0.32222 0.0242503
5 0.565574 0.654786 0.0489094 0.11143 0.0240316
5 0.563643 0.645292 0.0504951 0.103187 0.0219128
3 0.520144 0.528674 0.203425 0.122281 0.0205502
5 0.592674 0.471572 0.0746785 0.130244 0.0188032
5 0.574529 0.585961 0.0608309 0.329236 0.0172716
5 0.593759 0.486386 0.0733033 0.163416 0.013628
5 0.572832 0.623651 0.063763 0.32801 0.011785
5 0.56684 0.662185 0.0512485 0.12699 0.0116201
5 0.448041 0.535295 0.077215 0.142816 0.0109608
5 0.562925 0.602774 0.0512899 0.183961 0.0103763
