5 0.432872 0.825166 0.0977102 0.286639 0.88786
8 0.932464 0.366184 0.0556503 0.0752825 0.87252
3 0.474119 0.674273 0.199097 0.116377 0.864998
8 0.874221 0.176611 0.0424512 0.0340947 0.827711
5 0.549608 0.626942 0.0426804 0.136673 0.819759
3 0.744119 0.579851 0.14432 0.0730403 0.806896
5 0.675386 0.636074 0.0571485 0.269662 0.783874
5 0.807936 0.586305 0.0475032 0.265401 0.767641
5 0.574137 0.802831 0.0360063 0.224004 0.580916
5 0.808267 0.605995 0.0440371 0.219719 0.134143
5 0.576131 0.808035 0.0398064 0.22902 0.111541
3 0.737896 0.627028 0.191067 0.235637 0.0406516
5 0.572354 0.787139 0.0304805 0.188591 0.0122282
5 0.572055 0.773712 0.0268406 0.15783 0.0105509
