4 0.576178 0.392363 0.501201 0.302032 0.960756
3 0.174303 0.304889 0.0974677 0.0529888 0.826493
5 0.56528 0.62159 0.128752 0.469303 0.78545
8 0.0504617 0.676447 0.0383738 0.0345849 0.773912
8 0.0359131 0.740133 0.069381 0.0210565 0.698142
3 0.485895 0.408569 0.332991 0.167101 0.633777
5 0.353653 0.426899 0.0458638 0.132431 0.506144
3 0.48623 0.418891 0.329811 0.187511 0.475521
5 0.354699 0.427636 0.0453474 0.128118 0.34395
3 0.486344 0.422422 0.323488 0.199335 0.159516
8 0.0373872 0.705923 0.0708343 0.0860444 0.112061
5 0.398571 0.664747 0.052358 0.333916 0.0715599
3 0.218838 0.379041 0.137044 0.0510236 0.0344857
