8 0.843101 0.374425 0.150236 0.117396 0.931887
3 0.386317 0.637496 0.192304 0.106697 0.832219
5 0.486228 0.645325 0.098703 0.371128 0.513558
5 0.345176 0.703272 0.142583 0.451795 0.471251
5 0.526048 0.515951 0.0426154 0.109961 0.414308
5 0.358528 0.791052 0.130179 0.288562 0.408157
3 0.466599 0.54384 0.17328 0.0844496 0.353235
3 0.466953 0.546217 0.172433 0.0913941 0.276934
5 0.303299 0.585816 0.0656039 0.218786 0.268949
5 0.522786 0.517101 0.0474476 0.109436 0.167375
5 0.301989 0.587192 0.0602849 0.210548 0.14437
5 0.338145 0.702735 0.132684 0.453344 0.120729
5 0.350626 0.71245 0.141775 0.443084 0.0596711
5 0.302136 0.586796 0.0613359 0.209694 0.0579625
3 0.394462 0.665406 0.210251 0.18837 0.0389961
5 0.470135 0.742191 0.0614345 0.177139 0.0186843
3 0.469912 0.557995 0.165177 0.121173 0.0135054
3 0.464428 0.546957 0.178722 0.0924345 0.0130195
