8 0.95807 0.335871 0.0747238 0.0677233 0.882541
3 0.601684 0.554518 0.185998 0.0850462 0.859542
5 0.523561 0.571174 0.0653023 0.163751 0.714348
3 0.595561 0.603267 0.212603 0.161328 0.564244
3 0.594898 0.633254 0.202243 0.079634 0.430941
5 0.677203 0.670782 0.0556893 0.347423 0.113671
5 0.666052 0.743061 0.0629527 0.218011 0.0796795
5 0.664378 0.741698 0.0578108 0.215358 0.051692
5 0.675363 0.675902 0.0598269 0.34891 0.0407775
5 0.533993 0.718566 0.0610388 0.199774 0.0282742
5 0.663576 0.739623 0.0602871 0.211457 0.0270689
5 0.684267 0.577961 0.0293363 0.175908 0.0246461
5 0.687383 0.577119 0.0361176 0.191356 0.0128607
