8 0.964791 0.0807537 0.0704172 0.0668044 0.883242
3 0.445087 0.689366 0.242514 0.0955484 0.882999
3 0.642109 0.669241 0.126163 0.0466864 0.847562
5 0.706718 0.696131 0.099928 0.208597 0.493908
8 0.730799 0.0247061 0.498426 0.0279304 0.464736
8 0.810556 0.0214118 0.351047 0.0303051 0.374868
8 0.864217 0.0208526 0.243089 0.0286464 0.186068
8 0.676103 0.0234052 0.364136 0.0353287 0.176643
7 0.771501 0.697146 0.187358 0.352867 0.131153
8 0.741104 0.023946 0.497403 0.0266969 0.0680943
8 0.906303 0.0205706 0.157597 0.0267469 0.0616302
8 0.947578 0.0206103 0.0705068 0.0249 0.0554968
3 0.739462 0.556648 0.105039 0.052757 0.0377986
8 0.63981 0.0230486 0.335483 0.035617 0.0367002
5 0.697067 0.719215 0.066873 0.145073 0.03636
8 0.88672 0.0206291 0.198124 0.0276574 0.0356713
8 0.769218 0.0213537 0.365286 0.0323141 0.0307071
5 0.69684 0.717582 0.0733289 0.159106 0.0300803
8 0.659441 0.0235288 0.366428 0.0360927 0.0117833
