8 0.903688 0.303047 0.101017 0.065578 0.910934
5 0.373912 0.670818 0.120982 0.278248 0.872223
3 0.470789 0.605475 0.239613 0.0968528 0.872058
3 0.702891 0.598676 0.108507 0.0469542 0.820374
3 0.743148 0.450603 0.0896622 0.0508013 0.478194
5 0.566661 0.709651 0.0447846 0.304167 0.113701
5 0.569461 0.642356 0.035236 0.170324 0.0681102
5 0.567444 0.7184 0.0457341 0.251462 0.0621394
5 0.568435 0.652601 0.0375922 0.178917 0.0369761
5 0.567756 0.669004 0.0389078 0.174204 0.0241398
5 0.567533 0.699278 0.0420139 0.216699 0.0187588
5 0.567783 0.656517 0.0415265 0.209869 0.0142633
5 0.570419 0.631342 0.0319974 0.1376 0.0116409
