3 0.539637 0.425836 0.217922 0.0776786 0.838994
8 0.212172 0.121292 0.0359404 0.0369289 0.787525
8 0.0406028 0.284232 0.0812056 0.0630794 0.734102
8 0.0406529 0.263378 0.0813058 0.104422 0.0525473
8 0.0095091 0.00541569 0.0190182 0.0107203 0.031615
3 0.277701 0.330939 0.0785332 0.0517921 0.0277969
3 0.319524 0.420589 0.153155 0.0651555 0.0242293
3 0.539104 0.42624 0.217249 0.0777043 0.0220746
8 0.0404818 0.298755 0.0794933 0.0346666 0.0162715
8 0.00585962 0.0059151 0.0117192 0.0118302 0.0125944
