3 0.279139 0.639628 0.314173 0.122618 0.890828
8 0.941085 0.519054 0.0557782 0.036529 0.779383
5 0.174054 0.685133 0.103482 0.151081 0.23725
5 0.175095 0.67065 0.11217 0.209236 0.227156
5 0.175285 0.696332 0.110769 0.142074 0.0913805
5 0.392943 0.69952 0.0952762 0.279516 0.0893548
5 0.321236 0.704638 0.214203 0.281207 0.0330353
5 0.297559 0.74697 0.117961 0.169721 0.028998
5 0.17615 0.705571 0.117524 0.133813 0.0285791
5 0.171518 0.671332 0.0941595 0.150722 0.0151887
5 0.401245 0.590914 0.0756095 0.0669543 0.0150068
5 0.398866 0.587386 0.0744354 0.063362 0.011501
