3 0.32592 0.599358 0.168343 0.075715 0.888515
8 0.0909113 0.870301 0.0854339 0.0796894 0.887248
3 0.606614 0.602835 0.23884 0.0949101 0.885153
5 0.705497 0.658887 0.0372998 0.1144 0.330234
5 0.288575 0.680628 0.0825491 0.15642 0.327729
5 0.518961 0.625186 0.0657159 0.11659 0.298651
5 0.287111 0.668871 0.0760003 0.130089 0.210925
5 0.706677 0.67602 0.0437573 0.15181 0.190948
5 0.52062 0.631119 0.0735669 0.13454 0.190587
5 0.708233 0.683928 0.0497045 0.170574 0.0150319
3 0.406761 0.816308 0.162078 0.122281 0.0149138
5 0.394637 0.573187 0.026708 0.0499673 0.0107447
