3 0.711341 0.605967 0.289286 0.0884297 0.86025
3 0.345281 0.665929 0.199197 0.0765908 0.856855
8 0.0553131 0.0243238 0.105072 0.0355829 0.823076
5 0.432453 0.688244 0.113131 0.362284 0.787347
8 0.0418207 0.0867415 0.0547185 0.0356061 0.782106
5 0.267023 0.723698 0.10197 0.402308 0.7581
5 0.841836 0.635154 0.0568987 0.220131 0.245986
5 0.584696 0.589326 0.0349619 0.0777913 0.13563
5 0.241583 0.607872 0.0494625 0.15821 0.11698
5 0.840782 0.639841 0.0627003 0.227683 0.0913236
5 0.838787 0.629497 0.0511213 0.205857 0.0833385
5 0.279638 0.780487 0.0589017 0.225004 0.075472
5 0.583346 0.583596 0.0315323 0.0687055 0.0615987
5 0.23985 0.600495 0.0446613 0.149587 0.059381
5 0.432126 0.688947 0.113147 0.358438 0.0533119
5 0.281121 0.797298 0.0625445 0.259717 0.0323696
8 0.0546153 0.0223039 0.107579 0.0446079 0.0233723
5 0.58672 0.598332 0.0399267 0.0973205 0.0224275
5 0.279386 0.758284 0.0819123 0.366836 0.0124309
