8 0.0348663 0.940367 0.0673078 0.0766883 0.867665
3 0.478203 0.579825 0.213111 0.0733946 0.867349
3 0.734114 0.582192 0.152851 0.0766672 0.846405
5 0.390057 0.661783 0.0471444 0.30537 0.668327
5 0.673406 0.587456 0.0548769 0.193441 0.357004
5 0.392333 0.675639 0.0411973 0.243955 0.0945946
5 0.392619 0.644208 0.037895 0.233593 0.0699354
5 0.670704 0.587584 0.0484232 0.170176 0.0610524
5 0.796436 0.617395 0.0441457 0.199641 0.054498
5 0.797983 0.623727 0.0556948 0.228559 0.0434789
5 0.79786 0.603435 0.0434287 0.164192 0.0262985
5 0.392353 0.657452 0.0391699 0.225701 0.0238445
5 0.794208 0.635751 0.0412122 0.236833 0.0227708
5 0.670639 0.592657 0.0483965 0.180409 0.0150967
