8 0.96003 0.848622 0.0728025 0.0861994 0.891549
3 0.451718 0.625498 0.253799 0.0801383 0.87136
3 0.742376 0.64288 0.169179 0.093793 0.865106
8 0.92587 0.758592 0.0498911 0.0335789 0.823163
5 0.354637 0.754785 0.066473 0.33659 0.569848
5 0.679972 0.669474 0.0592325 0.253363 0.543968
5 0.355248 0.751378 0.0717245 0.338347 0.376913
5 0.355483 0.753861 0.0712914 0.338534 0.157897
5 0.678248 0.646669 0.0493521 0.197236 0.156534
5 0.678279 0.639816 0.0496884 0.18884 0.141454
5 0.799547 0.739096 0.0519786 0.187404 0.132197
5 0.801109 0.724483 0.0454014 0.1537 0.109311
5 0.803433 0.71378 0.0390696 0.130712 0.0695226
5 0.802066 0.7135 0.0346543 0.113368 0.0289959
5 0.805049 0.701714 0.0349782 0.116947 0.0266186
7 0.241286 0.65377 0.227129 0.527818 0.0237236
5 0.803129 0.702854 0.0312814 0.0932981 0.0229967
5 0.356509 0.73644 0.0597799 0.269858 0.0209819
5 0.806211 0.687737 0.0329553 0.122729 0.0146155
5 0.798859 0.738806 0.04867 0.177432 0.01262
5 0.800588 0.724517 0.0408535 0.140308 0.0123922
5 0.665051 0.716829 0.0461402 0.194709 0.0111671
