8 0.12126 0.897843 0.121079 0.0971092 0.91034
3 0.206867 0.383306 0.13123 0.0487025 0.870951
3 0.565261 0.508356 0.305528 0.0976703 0.85695
5 0.675959 0.58484 0.0836698 0.197833 0.815638
5 0.463348 0.582454 0.108031 0.254396 0.156844
5 0.434383 0.483572 0.0403062 0.0550101 0.101611
5 0.43602 0.487198 0.0449912 0.0589866 0.0889268
5 0.43692 0.492056 0.0465523 0.0661465 0.0188551
5 0.454246 0.56217 0.0860263 0.208395 0.0186604
5 0.47856 0.626002 0.0773863 0.184082 0.0163664
5 0.431737 0.476773 0.0335978 0.059119 0.0137886
5 0.439647 0.484474 0.0491627 0.0578041 0.0105395
