3 0.409749 0.598631 0.213044 0.0980469 0.873437
8 0.970484 0.533573 0.0448796 0.0842013 0.861101
3 0.702089 0.598008 0.134032 0.0942539 0.859078
5 0.642962 0.699651 0.0390158 0.390654 0.506508
5 0.65047 0.720447 0.0243154 0.260004 0.314929
5 0.646886 0.700175 0.0384931 0.396577 0.170008
5 0.49286 0.650182 0.0525272 0.25812 0.0421299
5 0.484763 0.702394 0.0437491 0.189861 0.0331384
5 0.757022 0.627746 0.0185349 0.141802 0.0260121
5 0.490468 0.665554 0.0383565 0.140295 0.0204154
5 0.493997 0.633212 0.0423814 0.187027 0.0149063
5 0.492077 0.654534 0.0401678 0.156299 0.0128025
