3 0.618785 0.625724 0.312757 0.133088 0.883663
5 0.512031 0.704866 0.114877 0.303278 0.838431
5 0.735386 0.721412 0.0580615 0.193952 0.818388
8 0.0280356 0.898921 0.0505402 0.052978 0.424673
8 0.0303133 0.914422 0.0606266 0.0661706 0.316248
3 0.251029 0.598252 0.200856 0.0988467 0.219989
3 0.250074 0.601029 0.198406 0.0968689 0.182318
8 0.029392 0.910384 0.058784 0.0747417 0.109071
8 0.0303151 0.93128 0.0605645 0.0344075 0.078733
5 0.332659 0.800775 0.0556983 0.324777 0.0732912
8 0.030853 0.937119 0.0588761 0.0218566 0.0645602
8 0.0307002 0.911764 0.0614005 0.0718322 0.0228816
5 0.752112 0.677408 0.0885384 0.282584 0.0141108
5 0.335234 0.802133 0.0583476 0.329491 0.0106228
