8 0.967451 0.896829 0.0555434 0.0793781 0.890575
3 0.395083 0.814693 0.183924 0.120661 0.873725
3 0.661801 0.763659 0.153493 0.107296 0.869028
5 0.473992 0.804393 0.0582272 0.348581 0.767295
5 0.726503 0.772437 0.0544286 0.399803 0.765572
5 0.329705 0.826306 0.0519615 0.230295 0.27544
5 0.324424 0.815091 0.0435748 0.223309 0.170624
5 0.468375 0.807076 0.0403874 0.272954 0.0798656
5 0.32093 0.808765 0.0358501 0.208403 0.0704195
5 0.603781 0.68675 0.0241619 0.142864 0.0631284
5 0.478747 0.888915 0.0586219 0.181545 0.0412562
5 0.603395 0.748748 0.0250775 0.258993 0.0344829
5 0.601812 0.687072 0.0221671 0.134683 0.0333656
5 0.601878 0.69828 0.0241164 0.149439 0.018192
5 0.60199 0.6962 0.0228783 0.140154 0.0163962
5 0.601978 0.691931 0.0222911 0.136287 0.0143466
3 0.400777 0.879488 0.207138 0.207128 0.0118468
