8 0.0891092 0.388508 0.0642961 0.0773337 0.906544
3 0.256822 0.443315 0.0884536 0.0751789 0.128492
3 0.491891 0.579122 0.212194 0.0871583 0.0755173
5 0.408583 0.685084 0.0298997 0.244155 0.0606366
5 0.406741 0.682935 0.0316011 0.231078 0.0455048
3 0.502984 0.511765 0.257468 0.0832095 0.0448562
5 0.406283 0.644486 0.0242549 0.148381 0.0367391
3 0.500283 0.549231 0.243299 0.128791 0.0311432
5 0.406847 0.662116 0.0286501 0.189911 0.0241446
3 0.49601 0.564305 0.22667 0.1037 0.0138489
3 0.501657 0.533471 0.252007 0.122261 0.0127988
5 0.405579 0.635424 0.0209189 0.122289 0.0125262
3 0.505793 0.512137 0.258859 0.087399 0.0109815
