8 0.148357 0.304107 0.0623018 0.0781818 0.896164
5 0.589045 0.639645 0.148627 0.357195 0.865361
3 0.531923 0.560499 0.174158 0.10478 0.861861
3 0.363509 0.448019 0.100573 0.0614043 0.723047
5 0.423911 0.677 0.0885996 0.372291 0.416689
5 0.397473 0.490914 0.0343868 0.141811 0.350811
5 0.426394 0.669616 0.0854717 0.384339 0.192889
5 0.389882 0.538049 0.0506177 0.234947 0.117165
5 0.397314 0.478793 0.0296609 0.114404 0.0838558
5 0.391149 0.54237 0.0490368 0.241644 0.0470371
5 0.456466 0.589861 0.0324539 0.201253 0.0266507
5 0.384523 0.545107 0.0354909 0.248482 0.0236085
5 0.381315 0.651635 0.0775622 0.457274 0.0186119
5 0.454062 0.608329 0.0370618 0.243921 0.0178436
5 0.45145 0.621186 0.0382361 0.278824 0.014901
5 0.43973 0.675462 0.0451077 0.228931 0.0124446
3 0.361416 0.468035 0.102518 0.0801735 0.0114375
