3 0.481134 0.530392 0.236649 0.160234 0.875374
3 0.724119 0.58179 0.128623 0.0766263 0.830309
8 0.0216863 0.0851753 0.0342925 0.0344136 0.811943
5 0.504588 0.679724 0.178452 0.314874 0.530446
5 0.370746 0.597784 0.0487152 0.211766 0.184208
5 0.350386 0.655735 0.0940008 0.322203 0.145277
8 0.995444 0.194841 0.00911248 0.0241017 0.0904821
5 0.374215 0.582648 0.0418289 0.179002 0.0653609
5 0.511253 0.663073 0.174082 0.27886 0.039193
5 0.367877 0.606688 0.0531656 0.21802 0.0279074
5 0.519716 0.64386 0.12707 0.190207 0.0238939
8 0.992798 0.194939 0.0144035 0.0253674 0.0153993
5 0.360248 0.620179 0.0740389 0.266934 0.0125383
