8 0.071361 0.90501 0.104087 0.0725481 0.895471
3 0.246005 0.535576 0.164789 0.0634817 0.860972
3 0.608124 0.61314 0.26237 0.0953403 0.848695
5 0.72015 0.612081 0.0348952 0.190668 0.244609
5 0.501288 0.622801 0.0597258 0.2039 0.0867754
5 0.506639 0.640134 0.075006 0.255243 0.080938
5 0.497174 0.617126 0.0565196 0.19774 0.0444807
5 0.495535 0.604665 0.051827 0.176863 0.0343249
5 0.485972 0.570013 0.030598 0.103863 0.0182059
5 0.498731 0.627882 0.0608569 0.217759 0.0130272
5 0.493091 0.59281 0.045283 0.151179 0.0123316
