3 0.731396 0.194584 0.0958643 0.0496074 0.860715
8 0.821382 0.0605047 0.0526038 0.0345015 0.815482
3 0.436486 0.292763 0.281305 0.130777 0.478956
3 0.446837 0.315802 0.233963 0.0897296 0.356941
5 0.360878 0.360253 0.0342219 0.122029 0.224353
5 0.341881 0.335169 0.0708233 0.168681 0.0958934
5 0.527375 0.388147 0.0548777 0.147173 0.0907147
5 0.339041 0.329705 0.0780433 0.184208 0.0250378
5 0.532598 0.369992 0.0634524 0.193933 0.0189674
5 0.360752 0.37002 0.0334606 0.126301 0.0151245
5 0.357965 0.354403 0.0392248 0.128507 0.0149741
3 0.683757 0.264769 0.158385 0.0442394 0.0133526
5 0.344414 0.337649 0.0674952 0.16644 0.0110055
