3 0.733151 0.367521 0.137966 0.0514925 0.850328
8 0.748149 0.128911 0.0688266 0.033385 0.850245
4 0.467476 0.324189 0.33779 0.648378 0.311159
4 0.343681 0.936589 0.600067 0.0381696 0.310353
4 0.316573 0.364233 0.609934 0.043644 0.278569
4 0.350515 0.816353 0.613536 0.104904 0.218346
4 0.32507 0.507136 0.607257 0.0321612 0.217026
4 0.394057 0.492483 0.728597 0.937304 0.20553
4 0.336364 0.858595 0.585367 0.0259601 0.197514
4 0.332687 0.785271 0.591342 0.0290123 0.194751
4 0.320176 0.387043 0.615554 0.0846453 0.159984
4 0.329837 0.580053 0.605704 0.0317216 0.159775
4 0.349644 0.89256 0.601425 0.107065 0.144958
4 0.339828 0.715222 0.609481 0.0321513 0.13851
4 0.332223 0.643828 0.603932 0.0346764 0.135895
4 0.320219 0.438429 0.608601 0.0384836 0.110061
4 0.353418 0.857537 0.606606 0.0323209 0.100406
4 0.314863 0.307867 0.613851 0.0516635 0.0857385
4 0.366964 0.957855 0.635153 0.072414 0.0849883
3 0.705628 0.258854 0.0951227 0.0340313 0.0738645
4 0.318176 0.291306 0.6183 0.0466175 0.0710791
4 0.334885 0.8153 0.597052 0.0973919 0.0618501
4 0.340161 0.890157 0.597936 0.0977051 0.0573748
4 0.336406 0.653398 0.611776 0.0434711 0.0558112
4 0.30915 0.227695 0.608726 0.0672034 0.054472
4 0.354843 0.753183 0.623807 0.123816 0.0488939
4 0.351856 0.956404 0.617476 0.0747374 0.0407438
4 0.355022 0.951134 0.606037 0.0745058 0.038973
4 0.360366 0.821181 0.60612 0.118883 0.0373006
4 0.290743 0.0417138 0.581485 0.0792386 0.0346927
4 0.311627 0.208649 0.613024 0.0667046 0.0341644
0 0.451117 0.401898 0.212082 0.0508208 0.0313251
4 0.284483 0.0190311 0.568965 0.0252506 0.0288103
4 0.341709 0.438137 0.650936 0.0447172 0.0279054
4 0.319965 0.330763 0.620373 0.0820909 0.0273943
4 0.354647 0.676883 0.644724 0.111581 0.0267888
4 0.327413 0.567788 0.607434 0.042436 0.023549
4 0.350758 0.586929 0.660401 0.0540847 0.0222018
4 0.361128 0.950724 0.611661 0.0829861 0.0216671
4 0.329647 0.539948 0.619458 0.0996839 0.019468
4 0.356264 0.784349 0.632464 0.041795 0.0183093
4 0.322854 0.468778 0.611916 0.0831693 0.0180093
4 0.340773 0.740528 0.616923 0.0788641 0.0179143
4 0.307843 0.258021 0.605265 0.138363 0.0169948
4 0.377319 0.957806 0.625169 0.0705666 0.0169118
4 0.350001 0.742092 0.630772 0.0926951 0.0161047
4 0.353082 0.782599 0.613054 0.0336814 0.0155033
4 0.351997 0.640791 0.660145 0.0466001 0.0151374
4 0.319238 0.29097 0.628016 0.0553553 0.0134485
4 0.428407 0.380891 0.276913 0.0565011 0.0132043
0 0.26808 0.919855 0.437815 0.0388977 0.013139
3 0.451117 0.401898 0.212082 0.0508208 0.0130134
4 0.32013 0.490298 0.605027 0.0481377 0.0129001
4 0.3373 0.613104 0.626483 0.0948304 0.012441
4 0.290177 0.108989 0.580354 0.10831 0.0121703
4 0.305622 0.261071 0.597497 0.0840099 0.0121233
4 0.298327 0.190978 0.583389 0.0809709 0.0115146
4 0.304703 0.398931 0.584138 0.0858558 0.011359
4 0.363136 0.907979 0.596151 0.144819 0.0110492
4 0.334615 0.910996 0.58124 0.0585271 0.010108
