3 0.57065 0.66678 0.213129 0.0859168 0.873126
3 0.428908 0.621075 0.185947 0.0743012 0.857054
8 0.0740269 0.417731 0.0514093 0.0347479 0.768378
8 0.0690791 0.458649 0.0446845 0.0153251 0.584807
5 0.469352 0.73446 0.134975 0.360055 0.476423
5 0.365518 0.683176 0.0504379 0.167455 0.436344
5 0.365021 0.672046 0.0437731 0.145354 0.136791
8 0.0733686 0.433214 0.0598302 0.0677027 0.133159
5 0.354911 0.736037 0.0786419 0.310937 0.0247096
5 0.474888 0.677996 0.121635 0.240804 0.0168293
5 0.36726 0.673773 0.0537693 0.190756 0.0134176
5 0.490357 0.671759 0.0617817 0.1948 0.0119386
