3 0.608371 0.779816 0.236431 0.0959427 0.87188
3 0.270452 0.706076 0.180548 0.0757461 0.858749
5 0.338878 0.807544 0.0941426 0.314814 0.839301
8 0.0427826 0.482465 0.0420247 0.0327406 0.667669
5 0.721868 0.777698 0.0732222 0.226868 0.581274
5 0.509188 0.822576 0.0476326 0.317024 0.470573
8 0.0209386 0.508921 0.0291369 0.0159795 0.315933
5 0.174097 0.841859 0.0561715 0.270946 0.24799
5 0.187967 0.769207 0.0316956 0.131358 0.143533
5 0.714253 0.779614 0.0558598 0.194482 0.128342
5 0.186036 0.783865 0.0393972 0.164567 0.0988734
8 0.0316333 0.508727 0.0478743 0.0151547 0.0883403
5 0.184285 0.80615 0.0469515 0.208054 0.0657297
5 0.508354 0.876656 0.0419182 0.205354 0.0509353
8 0.0286021 0.488654 0.0422573 0.0451477 0.0345096
5 0.189494 0.75547 0.0270499 0.0991225 0.0336045
8 0.02049 0.510715 0.0288461 0.0201701 0.0323851
5 0.717115 0.770482 0.0560997 0.194686 0.0307639
5 0.182643 0.824814 0.0500727 0.239917 0.0277191
5 0.503661 0.716785 0.0227577 0.115391 0.027481
5 0.508889 0.82406 0.0425772 0.280408 0.0225488
5 0.503119 0.722066 0.0251462 0.132837 0.0217751
5 0.506224 0.880552 0.0458414 0.215894 0.0187922
5 0.721979 0.765836 0.0625927 0.200021 0.0114518
