3 0.585747 0.641424 0.204275 0.0917381 0.86276
3 0.390565 0.60004 0.176081 0.0807189 0.827471
5 0.473022 0.694336 0.142341 0.356364 0.819801
8 0.830203 0.772351 0.0469408 0.0376872 0.763664
5 0.318375 0.707041 0.0383732 0.289136 0.524748
5 0.322187 0.685181 0.0345816 0.253859 0.116306
5 0.454827 0.743765 0.0755573 0.398122 0.0766285
5 0.652336 0.605863 0.0564583 0.0797049 0.0200267
5 0.483252 0.754931 0.123565 0.426581 0.0179924
5 0.479329 0.772725 0.117943 0.418878 0.0165225
5 0.321652 0.697889 0.0357379 0.268717 0.0162309
5 0.654504 0.616773 0.0600321 0.0929265 0.0153843
5 0.32029 0.730304 0.0372345 0.263435 0.0131542
