3 0.294545 0.463307 0.16196 0.0763825 0.84997
3 0.608405 0.519367 0.23597 0.111201 0.849577
8 0.903198 0.724473 0.0448835 0.0357378 0.773604
5 0.358486 0.55971 0.0546109 0.308124 0.700801
5 0.518236 0.626465 0.0618356 0.41477 0.66304
5 0.703847 0.535744 0.0533826 0.196208 0.520436
5 0.705978 0.528589 0.0488801 0.178287 0.517092
5 0.702942 0.541397 0.0532415 0.210268 0.0952121
5 0.517128 0.662954 0.0678987 0.385662 0.0378891
5 0.227181 0.487532 0.0218222 0.154308 0.0217339
5 0.707863 0.514606 0.0438341 0.151342 0.0120411
