3 0.610742 0.595374 0.148896 0.0713257 0.850797
8 0.138483 0.0697113 0.044725 0.034489 0.715093
3 0.72041 0.611931 0.149507 0.086297 0.573938
8 0.445183 0.979233 0.390427 0.0352329 0.425504
8 0.326876 0.974542 0.57476 0.0277637 0.199289
8 0.331181 0.973966 0.607896 0.0264446 0.130098
8 0.139227 0.0697634 0.0454742 0.034962 0.0616554
8 0.510253 0.979371 0.258802 0.0346902 0.0611871
8 0.950458 0.181289 0.0351755 0.0424803 0.0594852
8 0.340433 0.972689 0.634948 0.0299584 0.0391938
8 0.599711 0.979553 0.0742591 0.0324842 0.0384286
8 0.335749 0.973579 0.628147 0.0277587 0.0366417
3 0.700646 0.606082 0.188919 0.10243 0.0348076
8 0.106129 0.973084 0.149771 0.0297921 0.0340315
8 0.57207 0.979618 0.129131 0.0333869 0.0237276
3 0.72574 0.61493 0.136615 0.07523 0.0161386
3 0.705434 0.607836 0.178854 0.100576 0.0157131
8 0.108151 0.972846 0.154787 0.0311789 0.0126545
3 0.70693 0.60985 0.175502 0.0970376 0.0125341
3 0.715468 0.607292 0.158929 0.105102 0.0123127
8 0.201124 0.973071 0.350112 0.0338952 0.0105771
