3 0.665556 0.723506 0.136167 0.107397 0.862792
3 0.452214 0.790671 0.113598 0.087668 0.847719
8 0.19048 0.909666 0.0263442 0.0337528 0.788965
7 0.78217 0.621425 0.23318 0.41416 0.408786
5 0.407956 0.815991 0.0383795 0.185274 0.182198
7 0.778746 0.620402 0.233651 0.420569 0.112672
5 0.391423 0.787912 0.0695866 0.259654 0.0657757
7 0.782964 0.652788 0.242195 0.481708 0.0316067
3 0.359435 0.530166 0.145408 0.071024 0.0292888
5 0.403662 0.805391 0.0433422 0.183163 0.0205129
5 0.409064 0.835707 0.0399169 0.224725 0.0189768
5 0.407446 0.799409 0.0355392 0.147621 0.0162941
5 0.486075 0.813245 0.0493036 0.234909 0.0151308
5 0.708173 0.738461 0.0560344 0.28761 0.0137823
7 0.788414 0.652176 0.242075 0.460831 0.0130368
