8 0.939997 0.136103 0.0806627 0.0986617 0.914723
3 0.431337 0.512825 0.183855 0.121255 0.879637
3 0.626604 0.52288 0.128996 0.0942171 0.863785
5 0.35789 0.583598 0.0688819 0.294942 0.368052
5 0.578791 0.57713 0.0322307 0.211691 0.232367
5 0.35649 0.543865 0.0632842 0.208776 0.0456562
5 0.355706 0.527777 0.0628914 0.178931 0.034536
5 0.578259 0.612382 0.0327149 0.27717 0.0290844
5 0.578352 0.557136 0.0298029 0.165079 0.0259907
5 0.369943 0.597524 0.0450885 0.207925 0.0138775
5 0.576315 0.682658 0.0363184 0.420329 0.0100609
