3 0.589251 0.561845 0.351785 0.125852 0.817864
8 0.130825 0.931088 0.0612751 0.0347407 0.815596
3 0.732069 0.557937 0.233749 0.0871215 0.781332
5 0.671299 0.730071 0.158815 0.482367 0.668879
5 0.826647 0.606129 0.047183 0.206742 0.360459
5 0.442947 0.545652 0.0400108 0.0662691 0.0698703
5 0.83946 0.741811 0.0794987 0.491936 0.0606759
5 0.827576 0.588749 0.0426308 0.167091 0.0556193
5 0.448363 0.545119 0.049617 0.071404 0.0403794
5 0.84786 0.752233 0.0814991 0.486605 0.0337015
5 0.444925 0.550606 0.0465723 0.0735857 0.0265565
3 0.734132 0.578476 0.226403 0.130279 0.0168607
5 0.448791 0.551258 0.0552517 0.0831797 0.013066
5 0.832796 0.719161 0.0667241 0.448875 0.0118724
