8 0.966587 0.915995 0.0587548 0.0894099 0.886171
3 0.461035 0.626348 0.297126 0.127949 0.869846
5 0.339693 0.72068 0.118967 0.339201 0.867098
3 0.776109 0.619672 0.174268 0.0829297 0.860147
8 0.956926 0.842781 0.0505822 0.0345754 0.789192
5 0.700385 0.722172 0.0636149 0.308327 0.772384
5 0.847372 0.652933 0.0212886 0.111834 0.178
5 0.848247 0.64388 0.0188876 0.0906109 0.077664
5 0.846899 0.663074 0.0248435 0.139227 0.0240317
5 0.70269 0.694221 0.0551685 0.254301 0.0216321
5 0.587422 0.596027 0.0318088 0.0593739 0.0135366
