3 0.571636 0.560159 0.196889 0.114295 0.88249
3 0.340447 0.594389 0.12075 0.101694 0.880679
8 0.815225 0.316499 0.0281156 0.0369814 0.826049
5 0.519149 0.701266 0.138891 0.382123 0.740016
5 0.424072 0.68546 0.0888611 0.282754 0.726154
5 0.655114 0.581571 0.030717 0.219349 0.411423
5 0.65531 0.570778 0.0285646 0.193327 0.342441
5 0.655074 0.579816 0.0297843 0.215869 0.100404
5 0.655809 0.573709 0.0300388 0.202499 0.0352768
5 0.295283 0.628144 0.0491001 0.190543 0.0255387
5 0.410352 0.646352 0.0547493 0.202403 0.0124785
5 0.307899 0.663684 0.0838099 0.271702 0.0120519
5 0.297114 0.647922 0.0532463 0.229114 0.0100802
