3 0.59651 0.465381 0.26137 0.110799 0.823741
8 0.0349363 0.16518 0.0696913 0.036068 0.812538
5 0.492363 0.567843 0.0966744 0.379571 0.808058
8 0.0375994 0.087071 0.0457285 0.0339093 0.763966
5 0.689129 0.49819 0.0764267 0.179931 0.201169
5 0.708824 0.450789 0.0346399 0.0977677 0.0607761
5 0.690092 0.492172 0.0809281 0.194127 0.0552757
5 0.695703 0.47954 0.0615526 0.143062 0.0521118
5 0.707413 0.45679 0.0390831 0.104731 0.0449339
5 0.69129 0.491164 0.0713712 0.167277 0.0422965
5 0.702215 0.463098 0.0488902 0.115797 0.0287563
3 0.28142 0.353869 0.167488 0.0575723 0.0244347
5 0.708536 0.440906 0.0324758 0.0855628 0.0126051
