8 0.121046 0.0768133 0.128132 0.10038 0.910681
3 0.626649 0.459008 0.265911 0.133129 0.772223
5 0.723272 0.411869 0.0588929 0.106462 0.682124
5 0.558969 0.583656 0.128493 0.516366 0.378381
5 0.551321 0.539751 0.121169 0.438873 0.267853
5 0.532298 0.586103 0.0829697 0.516886 0.105771
5 0.537508 0.533885 0.0901703 0.427247 0.0986809
5 0.722656 0.416054 0.0626239 0.114368 0.0673317
5 0.55863 0.533908 0.124185 0.424235 0.0329894
5 0.534808 0.603384 0.0867595 0.546469 0.0128519
5 0.583144 0.57455 0.066214 0.228402 0.0124161
