3 0.39386 0.527382 0.195233 0.0895581 0.861842
5 0.45733 0.564923 0.131156 0.233207 0.670692
8 0.160816 0.259171 0.045851 0.035526 0.628276
8 0.162676 0.284383 0.0488491 0.0155138 0.297473
5 0.316833 0.581593 0.0931211 0.372604 0.246377
5 0.474829 0.548503 0.0940291 0.20429 0.212291
8 0.16176 0.264949 0.0484812 0.0442769 0.053517
5 0.320807 0.507652 0.062028 0.179655 0.0511545
5 0.481995 0.517181 0.0728427 0.131886 0.0444787
5 0.479174 0.530016 0.0840626 0.161509 0.0432449
5 0.318012 0.56082 0.0880291 0.33348 0.0404619
5 0.480845 0.521945 0.0788932 0.140023 0.0342245
