3 0.276748 0.499748 0.122412 0.0556667 0.865237
3 0.483424 0.641997 0.182147 0.108688 0.864476
5 0.401286 0.637546 0.0763321 0.267979 0.824009
5 0.537522 0.707856 0.116985 0.275813 0.72462
8 0.0401851 0.270936 0.0380337 0.0340098 0.700842
8 0.0453069 0.308787 0.0420861 0.0191114 0.65771
5 0.322905 0.529712 0.02675 0.107623 0.195888
5 0.322173 0.535808 0.0303953 0.113104 0.17218
8 0.0440854 0.282729 0.0478793 0.0723833 0.16861
5 0.525403 0.741955 0.0951424 0.200146 0.130439
5 0.544239 0.677685 0.0920162 0.201477 0.0173811
5 0.325962 0.511296 0.0245285 0.0749657 0.0136968
