8 0.939739 0.923152 0.100707 0.0677213 0.902012
3 0.521485 0.579217 0.23519 0.0935594 0.870725
3 0.255802 0.58207 0.150494 0.090043 0.84943
5 0.432057 0.664681 0.0747117 0.28247 0.713225
5 0.202357 0.679567 0.0308057 0.183119 0.18949
5 0.430625 0.640352 0.0671996 0.224864 0.173749
5 0.615948 0.642652 0.0316647 0.143789 0.159852
5 0.202822 0.687994 0.0305576 0.185537 0.150171
5 0.615027 0.653388 0.0316556 0.140298 0.119252
5 0.313273 0.544224 0.0341669 0.0586221 0.111201
5 0.200936 0.654961 0.0312102 0.15918 0.105526
5 0.201548 0.668247 0.0314843 0.18462 0.0613052
5 0.201651 0.666345 0.0410524 0.212134 0.0598627
5 0.61484 0.660598 0.0332998 0.149438 0.0562087
5 0.314506 0.542281 0.0319614 0.0584851 0.0518808
5 0.202722 0.698425 0.0315388 0.194077 0.0414224
5 0.614969 0.62543 0.047564 0.202309 0.0401121
5 0.429754 0.625077 0.0661704 0.196422 0.0261485
5 0.617009 0.62861 0.0320564 0.149047 0.0151014
5 0.200672 0.639344 0.0308381 0.123316 0.011286
