8 0.948712 0.887317 0.0937837 0.0722026 0.909673
3 0.552737 0.539973 0.359463 0.124845 0.890217
3 0.158315 0.461854 0.149242 0.0612005 0.877964
3 0.251024 0.676593 0.172404 0.0848857 0.842186
5 0.688712 0.706049 0.0774407 0.355951 0.769826
5 0.326667 0.77934 0.044363 0.305917 0.50625
5 0.462141 0.68423 0.140133 0.246258 0.454131
5 0.462913 0.686343 0.140482 0.248382 0.362386
5 0.179946 0.714472 0.0340518 0.207342 0.240975
5 0.179187 0.679226 0.0300742 0.136811 0.236777
5 0.325186 0.757858 0.0359792 0.259605 0.102766
5 0.382717 0.543809 0.0440647 0.0627852 0.0633507
5 0.453523 0.662027 0.114938 0.206512 0.050522
5 0.322277 0.778032 0.04687 0.309668 0.0390172
5 0.437388 0.622254 0.078127 0.124559 0.0352625
5 0.683687 0.667416 0.064197 0.220146 0.0332787
5 0.323511 0.756552 0.0363287 0.263724 0.0156592
