8 0.0497362 0.320734 0.0940517 0.0806328 0.898251
3 0.512003 0.694472 0.28719 0.129519 0.881439
5 0.615094 0.823854 0.0975507 0.338349 0.855703
3 0.276475 0.696683 0.129092 0.0591568 0.846959
5 0.410868 0.744219 0.0942932 0.199028 0.148862
5 0.394891 0.710861 0.0575727 0.118497 0.0814425
5 0.401812 0.730114 0.0724906 0.157148 0.0590228
5 0.407004 0.741497 0.0843436 0.180634 0.0545394
5 0.387671 0.702497 0.0426455 0.0942591 0.0243397
5 0.433837 0.814468 0.140589 0.354262 0.0154647
5 0.390364 0.702065 0.046656 0.0996444 0.0114071
