8 0.0354913 0.173426 0.068436 0.0494417 0.863351
4 0.440095 0.65567 0.451094 0.669559 0.429836
4 0.393083 0.661941 0.466597 0.676117 0.36517
4 0.422158 0.617813 0.421532 0.615844 0.236209
3 0.308241 0.448229 0.184503 0.0583885 0.157112
4 0.41534 0.624604 0.419994 0.667977 0.042984
7 0.72154 0.545102 0.305203 0.516186 0.0350303
4 0.674664 0.0636805 0.379275 0.127361 0.0271641
4 0.742213 0.0543094 0.515573 0.108004 0.0252984
4 0.740865 0.0648502 0.518271 0.1297 0.0240174
3 0.318945 0.365095 0.225425 0.078307 0.0194829
