3 0.609998 0.444601 0.234298 0.0768202 0.87947
3 0.338828 0.440843 0.147248 0.0492272 0.852472
8 0.0888265 0.143338 0.0488488 0.0346086 0.782842
8 0.0300292 0.781121 0.0464914 0.0162894 0.646025
5 0.532581 0.491078 0.0568873 0.110456 0.418798
5 0.534192 0.497427 0.0647314 0.133349 0.235348
5 0.712176 0.453241 0.039784 0.121558 0.0908187
5 0.717483 0.419671 0.0302406 0.0634213 0.0422608
8 0.0297364 0.769043 0.0495446 0.0403126 0.0223993
5 0.711841 0.462329 0.042746 0.143996 0.0207793
5 0.716092 0.429955 0.0318329 0.07739 0.0186662
8 0.0292333 0.75976 0.0536189 0.0631275 0.0158802
5 0.713907 0.442188 0.0356709 0.0986612 0.0102721
