3 0.440345 0.572378 0.193093 0.119398 0.851817
3 0.705215 0.565652 0.138864 0.0872493 0.84143
8 0.194608 0.929546 0.0551175 0.0356466 0.816032
5 0.371182 0.629999 0.044412 0.176003 0.661958
5 0.637398 0.686288 0.0603197 0.348798 0.559886
5 0.639131 0.682569 0.0668154 0.347659 0.167132
5 0.355502 0.597538 0.0752328 0.247105 0.139168
5 0.506129 0.606673 0.0570947 0.13105 0.134327
5 0.354889 0.59294 0.0691125 0.247012 0.134024
5 0.642659 0.694225 0.0478264 0.258316 0.13055
5 0.507697 0.60046 0.0524965 0.134309 0.10507
5 0.369975 0.625914 0.0436835 0.160762 0.0717716
5 0.650996 0.629778 0.0363787 0.24706 0.0697698
5 0.353743 0.596646 0.0713616 0.249409 0.0568844
5 0.509555 0.5973 0.0464659 0.124932 0.0432599
5 0.651198 0.619154 0.0357692 0.217332 0.0136883
5 0.646416 0.67917 0.0421028 0.231313 0.011699
