3 0.527253 0.500784 0.197894 0.112278 0.883124
3 0.590123 0.365518 0.145651 0.042565 0.839351
8 0.880064 0.171347 0.0519599 0.0674471 0.836982
8 0.781151 0.080004 0.0564907 0.0336645 0.822981
5 0.496894 0.562724 0.145291 0.243684 0.698475
3 0.62063 0.47159 0.131044 0.0689897 0.654789
5 0.495367 0.562035 0.144689 0.24652 0.566458
5 0.638495 0.524435 0.111728 0.353475 0.272222
5 0.636743 0.522401 0.113905 0.351971 0.0653593
5 0.491486 0.557989 0.133594 0.23141 0.0346145
5 0.628111 0.520069 0.0985845 0.186134 0.0104412
