3 0.53286 0.673606 0.198567 0.101842 0.862601
3 0.224809 0.580252 0.158678 0.0607507 0.850153
8 0.0306521 0.0869734 0.0429466 0.0347013 0.756306
8 0.0298745 0.171996 0.059749 0.0656738 0.343417
8 0.0290052 0.195371 0.0580104 0.0186906 0.265591
5 0.625147 0.686511 0.0524169 0.30617 0.121105
5 0.288517 0.666406 0.0280913 0.21262 0.108603
5 0.291782 0.719075 0.042531 0.315475 0.0868057
5 0.285813 0.679718 0.0283153 0.245182 0.0696154
5 0.285167 0.662303 0.0248535 0.20248 0.054813
5 0.288583 0.688525 0.0322309 0.264672 0.0530927
5 0.28937 0.679752 0.0342727 0.239309 0.0149829
5 0.60831 0.748092 0.021798 0.14161 0.0139581
