3 0.446876 0.521418 0.235516 0.11418 0.878057
3 0.705508 0.415334 0.0935746 0.043978 0.836648
8 0.914547 0.232485 0.0534837 0.0343189 0.815901
3 0.702339 0.538714 0.125706 0.0669297 0.792808
5 0.361511 0.628657 0.0921416 0.223302 0.639883
5 0.364133 0.620037 0.0773812 0.198002 0.127457
5 0.369505 0.632237 0.0750714 0.207675 0.114876
5 0.373525 0.638889 0.0668586 0.205793 0.101649
5 0.543546 0.499542 0.038425 0.0580415 0.0675404
5 0.545116 0.500976 0.0358147 0.0521407 0.0524416
5 0.545248 0.504 0.0379377 0.0511215 0.0483175
5 0.543871 0.502236 0.0387984 0.0565727 0.0322237
5 0.542051 0.495366 0.0375568 0.0642915 0.0129254
