8 0.899039 0.16256 0.063028 0.03366 0.814269
3 0.604313 0.510067 0.212506 0.0880646 0.809845
5 0.680661 0.542581 0.0485074 0.12223 0.301995
5 0.681373 0.536169 0.0417928 0.103684 0.218904
5 0.522159 0.573354 0.0652235 0.188174 0.174067
5 0.527455 0.573874 0.0623255 0.184119 0.0667586
5 0.524151 0.5877 0.0768074 0.221144 0.0630419
5 0.531351 0.581246 0.0557481 0.182661 0.0462963
5 0.679734 0.571103 0.0593604 0.183479 0.0434188
5 0.519511 0.562938 0.0660306 0.174918 0.0375375
5 0.53488 0.600781 0.0510648 0.191307 0.0234234
5 0.680348 0.554824 0.0555697 0.153871 0.0122303
