3 0.647154 0.527498 0.321477 0.114352 0.883492
3 0.333268 0.539702 0.16228 0.0727148 0.86728
8 0.0517681 0.768692 0.0430282 0.0369185 0.782549
5 0.770502 0.620495 0.091761 0.298927 0.713767
5 0.533913 0.616371 0.104273 0.261312 0.543153
5 0.760919 0.658198 0.0695632 0.215092 0.320834
5 0.52985 0.591329 0.0918553 0.206271 0.248965
5 0.769185 0.621408 0.0922997 0.300605 0.209566
5 0.387208 0.596636 0.0261731 0.124894 0.114573
5 0.38408 0.595401 0.0236048 0.119923 0.0518147
5 0.3844 0.592185 0.0207147 0.100997 0.017709
