3 0.627724 0.493068 0.230853 0.110478 0.87174
8 0.899912 0.0814261 0.0390443 0.0351579 0.767603
5 0.315637 0.555564 0.0423165 0.379188 0.512197
3 0.239726 0.440846 0.168088 0.0912089 0.450349
5 0.529486 0.457823 0.0370934 0.168474 0.425186
5 0.530228 0.467074 0.0413462 0.188737 0.185799
5 0.708598 0.605687 0.0240113 0.175547 0.167679
5 0.533457 0.504146 0.0475288 0.269014 0.159852
5 0.309499 0.535949 0.0308741 0.295069 0.154793
5 0.709507 0.633014 0.0287406 0.232874 0.150285
5 0.708782 0.585527 0.0221854 0.128161 0.0777547
5 0.709639 0.649193 0.033914 0.262163 0.0427853
5 0.709403 0.648972 0.0326064 0.270189 0.0307978
5 0.531613 0.480132 0.0448806 0.203724 0.0249175
5 0.309796 0.522502 0.0283623 0.286272 0.0248187
5 0.528922 0.450332 0.0330792 0.158286 0.0177504
5 0.709981 0.634921 0.0312821 0.239938 0.0173876
