8 0.0458433 0.357962 0.0909247 0.0922027 0.906995
3 0.599483 0.608486 0.206387 0.0750246 0.865228
3 0.355818 0.604483 0.127611 0.0549214 0.843597
5 0.523345 0.642844 0.0779916 0.167737 0.277254
5 0.524644 0.64809 0.088302 0.179324 0.15811
5 0.685879 0.657776 0.0282491 0.181195 0.106136
5 0.685968 0.6713 0.0311039 0.216065 0.0613604
5 0.527212 0.652789 0.0907504 0.19255 0.0535808
5 0.687332 0.664019 0.0307424 0.212817 0.0360455
5 0.686001 0.662859 0.0338235 0.213436 0.0263866
3 0.599488 0.608044 0.206511 0.0750273 0.0253086
5 0.687666 0.647618 0.0292195 0.184735 0.0108728
