3 0.610546 0.634543 0.261072 0.155771 0.876152
8 0.0551702 0.358336 0.0875623 0.0447215 0.802159
8 0.0424315 0.303263 0.0331726 0.0347218 0.764604
5 0.514527 0.682447 0.0652151 0.283679 0.74489
3 0.31387 0.557862 0.182387 0.0764826 0.319701
5 0.362313 0.75004 0.046872 0.362999 0.29526
5 0.724503 0.643525 0.0601595 0.229952 0.251109
8 0.0556273 0.330791 0.0872135 0.10639 0.0535745
5 0.72188 0.647363 0.0490967 0.189908 0.0526317
5 0.516882 0.704547 0.0586303 0.210561 0.0414317
3 0.317209 0.547874 0.193874 0.090181 0.0183576
5 0.720515 0.650605 0.0510395 0.196136 0.0155744
