8 0.0819071 0.150325 0.127704 0.0724545 0.904661
3 0.563981 0.579633 0.251406 0.0835322 0.869114
5 0.443047 0.622081 0.0787748 0.28661 0.786821
5 0.636874 0.637988 0.122386 0.225874 0.124768
5 0.666122 0.567892 0.059929 0.0993049 0.103819
5 0.442837 0.645055 0.0763858 0.217015 0.0801193
5 0.625786 0.65147 0.0777401 0.102586 0.0410726
5 0.654271 0.589411 0.075364 0.114496 0.0343444
5 0.620912 0.656952 0.080092 0.111208 0.0257165
5 0.643355 0.613457 0.0963845 0.157909 0.0224053
5 0.647521 0.605399 0.0879974 0.150108 0.0203182
5 0.663403 0.569965 0.0566618 0.0930843 0.0197478
5 0.637443 0.626033 0.103754 0.166205 0.0145925
5 0.658864 0.576348 0.0682639 0.0871194 0.014025
5 0.444098 0.620395 0.0764412 0.286004 0.0116689
5 0.616541 0.665108 0.0874754 0.130132 0.0115052
5 0.452479 0.59888 0.0583849 0.248315 0.0109737
