8 0.174164 0.93405 0.117224 0.105909 0.905932
3 0.57644 0.494423 0.322493 0.0936938 0.872032
3 0.254721 0.480756 0.164074 0.0537124 0.710686
3 0.17875 0.391261 0.10842 0.0482569 0.636966
5 0.709708 0.551234 0.0777441 0.239224 0.487966
5 0.469351 0.523486 0.122301 0.153101 0.169996
5 0.712093 0.532062 0.0720523 0.193749 0.163728
5 0.503146 0.608437 0.192956 0.316326 0.136553
5 0.710088 0.544085 0.0712112 0.222283 0.066828
5 0.474199 0.538713 0.134226 0.188187 0.0590908
5 0.709704 0.549254 0.0806996 0.238694 0.0288638
5 0.434556 0.488727 0.0496439 0.0755377 0.0156004
5 0.43616 0.49368 0.0554555 0.0859232 0.0136988
