8 0.924275 0.511502 0.0980251 0.0841567 0.918391
3 0.666265 0.658028 0.152603 0.0986659 0.859266
3 0.396026 0.698405 0.226401 0.124891 0.850985
5 0.493498 0.778412 0.0874044 0.403224 0.793319
5 0.73349 0.755103 0.0523271 0.319922 0.719527
5 0.308427 0.771504 0.0493512 0.240212 0.618128
5 0.609533 0.820388 0.0415546 0.321585 0.390068
5 0.60741 0.649843 0.051227 0.171923 0.34736
5 0.496626 0.720876 0.0839274 0.290223 0.277766
5 0.49631 0.713722 0.083389 0.276876 0.212617
5 0.308239 0.767852 0.0448481 0.19815 0.147389
5 0.606465 0.770688 0.0529631 0.40602 0.11677
5 0.6066 0.779055 0.0512262 0.401172 0.0580753
5 0.615713 0.85214 0.0285227 0.22993 0.0302413
5 0.611511 0.832672 0.0355081 0.292563 0.0294323
5 0.733885 0.723119 0.0499697 0.22198 0.0284713
5 0.607367 0.613072 0.0475292 0.0964156 0.025442
5 0.607421 0.621567 0.0487161 0.112607 0.0229412
5 0.607005 0.657989 0.0560927 0.187602 0.0226817
5 0.733934 0.710922 0.048892 0.211098 0.0165522
5 0.308533 0.77589 0.0455613 0.204337 0.0138267
