3 0.443482 0.553433 0.256365 0.0879415 0.879358
3 0.761516 0.525074 0.169333 0.0757378 0.801753
8 0.908123 0.0566037 0.0640876 0.0366439 0.783921
5 0.541304 0.564 0.0682528 0.181005 0.180205
3 0.760571 0.486865 0.182064 0.0661798 0.126646
5 0.345565 0.652524 0.0492846 0.20287 0.104714
5 0.542555 0.558169 0.0629123 0.166822 0.0684977
5 0.544773 0.560726 0.0661021 0.173869 0.0280137
5 0.345937 0.639884 0.0466086 0.180324 0.0261939
5 0.344753 0.671325 0.051943 0.240331 0.0216382
5 0.541061 0.564305 0.0743759 0.186331 0.015296
