3 0.553218 0.575393 0.287705 0.0884958 0.850109
8 0.261074 0.946908 0.0752127 0.0359812 0.791395
3 0.415212 0.580235 0.21692 0.0532145 0.681004
5 0.339112 0.627871 0.104342 0.27022 0.402199
5 0.469866 0.615371 0.130963 0.250002 0.319225
5 0.458132 0.591915 0.120329 0.171834 0.280745
5 0.457743 0.607279 0.127219 0.194575 0.170639
5 0.337617 0.605279 0.092465 0.207735 0.0948617
5 0.339917 0.619342 0.0961515 0.229847 0.0928502
5 0.674689 0.602102 0.042997 0.146428 0.087805
5 0.676788 0.593979 0.0347215 0.125775 0.0826015
5 0.342273 0.612836 0.0880053 0.216778 0.0526976
5 0.67859 0.58281 0.0297406 0.0991214 0.034933
5 0.336125 0.587694 0.0891219 0.1589 0.0140279
5 0.673837 0.615185 0.0521383 0.174019 0.0134894
5 0.339739 0.597977 0.0908888 0.191506 0.0129495
5 0.36119 0.664664 0.0766632 0.215137 0.0118823
5 0.678814 0.575215 0.0261844 0.0806274 0.0113071
