3 0.431082 0.564079 0.0627338 0.058648 0.838469
8 0.336616 0.280653 0.0572612 0.0928672 0.544334
8 0.34463 0.256377 0.0358627 0.0416485 0.314574
8 0.326778 0.311212 0.0372556 0.0295634 0.277535
8 0.326256 0.31115 0.0362712 0.0286037 0.228086
3 0.474647 0.548648 0.0660572 0.0569709 0.125082
3 0.464365 0.570622 0.0681871 0.0458203 0.0776812
3 0.462683 0.576537 0.0608082 0.0418878 0.0643159
8 0.346403 0.254014 0.0325318 0.0373802 0.0575043
3 0.4719 0.55632 0.0697892 0.0583067 0.0568053
8 0.475938 0.994651 0.0316297 0.00960321 0.0229809
3 0.477124 0.539819 0.0635381 0.0509327 0.0197529
8 0.326308 0.311361 0.0367914 0.0286 0.0101997
