3 0.575049 0.51662 0.208285 0.0939529 0.844733
8 0.125376 0.918982 0.0460984 0.0351623 0.788194
3 0.332562 0.507595 0.114178 0.0616356 0.765206
8 0.0723391 0.960393 0.0607738 0.0254517 0.702656
5 0.479789 0.51904 0.0668595 0.137098 0.397829
5 0.645938 0.596688 0.0699685 0.168404 0.297174
5 0.480057 0.525188 0.0702638 0.156635 0.24972
5 0.645928 0.590639 0.0674656 0.164205 0.192765
5 0.283733 0.541423 0.029421 0.206871 0.119967
5 0.645181 0.58936 0.0634697 0.150086 0.0381508
5 0.646797 0.577465 0.062289 0.133881 0.0366014
8 0.071894 0.945285 0.0619804 0.0564435 0.021899
5 0.648249 0.562907 0.0567483 0.105488 0.0213336
5 0.283697 0.553365 0.0320577 0.21577 0.0179931
5 0.283516 0.522906 0.0229504 0.157974 0.0124927
5 0.64365 0.584662 0.0749042 0.173947 0.0119868
5 0.283083 0.536211 0.0365638 0.199358 0.0114159
