3 0.624564 0.642424 0.210989 0.0865093 0.853898
8 0.28152 0.931843 0.0474964 0.034523 0.797152
3 0.369471 0.647972 0.12498 0.0570298 0.796836
5 0.5238 0.647702 0.0929368 0.162762 0.627182
5 0.708787 0.728547 0.0556896 0.264348 0.504354
5 0.710188 0.716723 0.0490956 0.231063 0.502588
5 0.525232 0.649232 0.0980539 0.16908 0.0909368
5 0.313895 0.653634 0.0466902 0.170546 0.0475705
5 0.318113 0.673548 0.046662 0.179956 0.0218259
5 0.317424 0.662319 0.0444964 0.166571 0.0193731
5 0.314904 0.667351 0.0491456 0.194017 0.0147061
5 0.317783 0.6719 0.0625329 0.220955 0.0146944
