8 0.131695 0.174128 0.0326588 0.0338329 0.856898
3 0.348186 0.368227 0.0907943 0.0614901 0.838319
8 0.41689 0.96178 0.0399034 0.0461611 0.837532
7 0.299694 0.333147 0.159733 0.387214 0.661202
3 0.401173 0.348047 0.0619152 0.0445728 0.57464
8 0.750753 0.271762 0.0236563 0.0158741 0.147689
5 0.403196 0.388783 0.0620853 0.167295 0.0460003
5 0.401334 0.373971 0.0623583 0.121998 0.0451186
3 0.390935 0.298678 0.0927715 0.0332928 0.0346155
7 0.320205 0.253206 0.176671 0.261917 0.0329595
3 0.390297 0.302939 0.0894188 0.0341325 0.0175867
7 0.295933 0.408646 0.150697 0.293996 0.0102418
3 0.400784 0.358649 0.0619326 0.073788 0.0100084
