3 0.622286 0.705144 0.263163 0.145302 0.872611
5 0.723001 0.816209 0.0838353 0.356126 0.832506
5 0.514769 0.791894 0.063989 0.36731 0.787749
8 0.0354441 0.542832 0.0440538 0.0290606 0.783882
5 0.186042 0.717047 0.0567143 0.362707 0.770901
8 0.0308503 0.88886 0.0347678 0.0338616 0.767024
5 0.357252 0.784587 0.0760469 0.40869 0.598362
5 0.356458 0.783358 0.0764132 0.410845 0.577535
3 0.271613 0.684087 0.229385 0.193384 0.447786
3 0.27375 0.655277 0.206632 0.115179 0.0479004
3 0.274389 0.659795 0.21594 0.126758 0.0226365
5 0.510371 0.743132 0.0487973 0.250468 0.0184087
