8 0.139731 0.926351 0.0868335 0.0821789 0.925469
3 0.63992 0.746811 0.170382 0.114194 0.869482
3 0.40256 0.702688 0.124037 0.0792911 0.734206
5 0.358436 0.775116 0.047895 0.279772 0.339534
5 0.577065 0.773373 0.0478291 0.169706 0.245283
5 0.458228 0.800302 0.0360131 0.272925 0.185324
5 0.579283 0.777798 0.0535797 0.191831 0.0540519
5 0.460531 0.805653 0.0333006 0.241472 0.0490111
5 0.359738 0.783466 0.041318 0.231035 0.032004
5 0.576331 0.765976 0.042724 0.155222 0.01977
5 0.578405 0.771751 0.0538673 0.182867 0.0168273
5 0.359066 0.758873 0.0394214 0.226369 0.0137356
