3 0.592048 0.652848 0.323142 0.151381 0.882351
3 0.265012 0.703333 0.151704 0.0922412 0.863421
5 0.72205 0.727906 0.0726751 0.254758 0.757483
8 0.0560126 0.860068 0.106454 0.106729 0.686102
5 0.330302 0.813279 0.0388546 0.342509 0.627396
5 0.480105 0.723012 0.0886017 0.224382 0.34871
5 0.475863 0.70686 0.0789877 0.189221 0.210191
5 0.199956 0.809482 0.0296643 0.3135 0.0896938
5 0.473744 0.693777 0.0732337 0.163508 0.0306794
5 0.324431 0.846535 0.0352549 0.306931 0.0241584
5 0.199004 0.779421 0.0312086 0.288508 0.0236677
5 0.199728 0.762204 0.0290832 0.254626 0.0213159
5 0.195823 0.838224 0.0248795 0.281066 0.0159319
5 0.324585 0.840202 0.0350003 0.308466 0.0158389
5 0.200051 0.739822 0.0242017 0.206488 0.0140105
5 0.491055 0.764277 0.104722 0.306095 0.0114134
5 0.195744 0.858165 0.0256014 0.283671 0.0111407
