8 0.873068 0.165827 0.164865 0.128049 0.930223
3 0.57604 0.55246 0.134212 0.0746511 0.835682
5 0.399434 0.744203 0.07227 0.41963 0.55103
3 0.460339 0.71584 0.148689 0.0898985 0.272824
3 0.454308 0.683726 0.164656 0.20394 0.249525
5 0.51792 0.758843 0.0348637 0.412091 0.183104
5 0.518416 0.767211 0.0388246 0.261615 0.100102
5 0.518762 0.737353 0.0343111 0.207114 0.0997838
3 0.457222 0.701186 0.158978 0.130881 0.0757901
3 0.451159 0.670222 0.169623 0.234508 0.0443693
5 0.522722 0.713442 0.0414852 0.398475 0.0211205
5 0.3855 0.682437 0.0403064 0.271394 0.0205777
5 0.403324 0.760493 0.0779576 0.42419 0.0138157
5 0.577285 0.773401 0.0744193 0.414104 0.0128924
