3 0.424145 0.368079 0.374074 0.0897461 0.867895
3 0.843958 0.275645 0.115256 0.0526705 0.846006
8 0.210982 0.593002 0.0668161 0.034819 0.835509
5 0.557809 0.499598 0.0876789 0.271984 0.55797
1 0.307147 0.194573 0.0635885 0.0316762 0.557695
5 0.276048 0.403769 0.0705056 0.133922 0.414935
5 0.557303 0.501045 0.0821132 0.265945 0.338121
5 0.558185 0.485044 0.0755401 0.208905 0.0414389
5 0.274345 0.392581 0.0648847 0.105898 0.0376678
5 0.556621 0.499146 0.0780046 0.241222 0.0253024
0 0.307147 0.194573 0.0635885 0.0316762 0.0104736
