3 0.529359 0.473483 0.25859 0.0785877 0.87814
3 0.84107 0.331648 0.0965298 0.0524184 0.864654
8 0.908291 0.114315 0.0554176 0.0355092 0.821616
5 0.410271 0.502101 0.0801679 0.21111 0.511467
5 0.412006 0.502713 0.0737134 0.192378 0.124381
8 0.961129 0.4449 0.0143265 0.0897902 0.113001
8 0.959313 0.44423 0.0162438 0.0869552 0.111881
8 0.958687 0.444013 0.0250566 0.0901569 0.108749
8 0.96196 0.443805 0.0249042 0.0911272 0.10405
5 0.397336 0.450268 0.0510087 0.103981 0.0721627
8 0.958593 0.44356 0.0245646 0.0911336 0.0678528
5 0.64439 0.463287 0.0244258 0.111412 0.0561398
5 0.431102 0.543726 0.0361959 0.118041 0.0474273
5 0.64448 0.466828 0.0258344 0.121256 0.0268294
5 0.643964 0.457283 0.0235102 0.0953028 0.0234647
5 0.431411 0.549093 0.0394144 0.135775 0.0227285
5 0.431629 0.537754 0.0330046 0.104332 0.0212863
5 0.646917 0.464199 0.0256493 0.117331 0.0189374
5 0.410234 0.492895 0.0702575 0.183588 0.0181143
8 0.958166 0.434623 0.0201109 0.0771796 0.0165039
5 0.403696 0.458559 0.0652403 0.123166 0.0142274
5 0.393162 0.444709 0.04096 0.0885698 0.0139046
8 0.96202 0.443676 0.0249223 0.0901011 0.0133644
