8 0.0346808 0.844943 0.0693617 0.0849005 0.881396
8 0.0399897 0.0582144 0.0563813 0.0372778 0.794024
8 0.564183 0.98341 0.746974 0.0286652 0.213076
8 0.738486 0.987185 0.379094 0.0256301 0.197669
8 0.75128 0.987054 0.350619 0.0258919 0.163205
8 0.563649 0.957711 0.736117 0.072731 0.141898
8 0.361921 0.984176 0.335505 0.0303692 0.101551
8 0.505574 0.977641 0.635034 0.0262711 0.0434988
8 0.770572 0.987219 0.312976 0.0255614 0.0248901
8 0.894506 0.984721 0.0594716 0.0275921 0.0215608
8 0.34906 0.984609 0.299334 0.0304524 0.018645
8 0.361053 0.984335 0.329424 0.0301807 0.0185327
8 0.323877 0.98495 0.248548 0.0297146 0.016194
8 0.277612 0.985336 0.149761 0.0281468 0.0157284
8 0.70214 0.987984 0.339058 0.0235062 0.0156876
8 0.80175 0.987166 0.247625 0.0256008 0.0143839
8 0.613927 0.985435 0.335638 0.0291304 0.0124702
8 0.865631 0.986139 0.109481 0.0264349 0.0113575
8 0.285736 0.985434 0.164322 0.0285641 0.0111901
8 0.42577 0.984326 0.241204 0.029839 0.0104178
