8 0.14363 0.906885 0.119003 0.105448 0.921517
3 0.443397 0.669377 0.401101 0.104061 0.12533
8 0.503731 0.964787 0.593003 0.0539387 0.121488
8 0.278542 0.984244 0.12731 0.0284073 0.0785104
8 0.693473 0.986768 0.197378 0.0256205 0.0699072
8 0.274847 0.983855 0.120864 0.0283676 0.068114
8 0.652222 0.987078 0.256053 0.0252136 0.0642953
8 0.315166 0.983525 0.20641 0.0307086 0.0583709
8 0.507286 0.97694 0.586326 0.0254726 0.0557443
8 0.671034 0.986992 0.238994 0.0258213 0.0513986
8 0.722579 0.985453 0.134968 0.0276749 0.04388
8 0.641927 0.987208 0.247699 0.0236632 0.0371118
8 0.446106 0.984441 0.226977 0.0303031 0.0352284
8 0.330594 0.983532 0.246174 0.0323135 0.0340715
8 0.279434 0.984021 0.131207 0.0296862 0.0337716
8 0.708676 0.986343 0.167969 0.0261575 0.0287764
8 0.300282 0.984069 0.172009 0.0306166 0.0282801
8 0.398314 0.983269 0.085615 0.0309654 0.0281721
8 0.500993 0.97816 0.598868 0.0275629 0.0257557
8 0.531626 0.977392 0.52726 0.0260062 0.0221604
8 0.721447 0.987344 0.138106 0.0240823 0.0187404
8 0.556232 0.984793 0.225376 0.0268833 0.0176185
8 0.44962 0.984734 0.253087 0.028226 0.0150835
8 0.369086 0.976939 0.325545 0.0262499 0.0148967
8 0.536805 0.966682 0.506956 0.0459136 0.0139437
8 0.463534 0.984647 0.233839 0.0306559 0.0135285
8 0.480405 0.979128 0.561366 0.0280698 0.0118177
8 0.438576 0.986249 0.207781 0.0257421 0.011342
8 0.67515 0.988126 0.229811 0.022304 0.0111432
8 0.329038 0.983472 0.270708 0.0311864 0.010477
8 0.748639 0.984077 0.0788691 0.0297643 0.0103621
