3 0.626769 0.704945 0.17932 0.0985058 0.865969
3 0.307702 0.679048 0.174747 0.0919513 0.837226
5 0.378514 0.749863 0.0493832 0.385455 0.772816
8 0.0539605 0.433776 0.0397605 0.0356352 0.663972
5 0.243462 0.687917 0.0486331 0.35241 0.614044
8 0.0533677 0.485898 0.0552033 0.0195534 0.493122
8 0.0532587 0.460992 0.060082 0.068652 0.180802
8 0.0539552 0.453817 0.0564826 0.0842198 0.0674992
5 0.698194 0.725176 0.0297017 0.165173 0.0319326
5 0.24324 0.636105 0.0459624 0.221169 0.0302142
5 0.241118 0.694187 0.0456547 0.2153 0.0204529
5 0.24073 0.682857 0.0437585 0.191187 0.0182639
5 0.699066 0.715179 0.0271609 0.144132 0.0158614
5 0.242973 0.658802 0.0460194 0.24498 0.0126432
