8 0.138486 0.193891 0.106469 0.0892521 0.906584
3 0.554655 0.53531 0.201991 0.1114 0.860133
3 0.441435 0.510832 0.18454 0.0870938 0.855353
5 0.48618 0.555047 0.0841345 0.471329 0.483308
5 0.470569 0.421243 0.0520246 0.198296 0.126765
5 0.469726 0.415151 0.0491717 0.184385 0.0661459
5 0.477303 0.632449 0.10242 0.630845 0.021271
5 0.475582 0.447077 0.0655248 0.253939 0.0201013
5 0.474166 0.425399 0.0574176 0.217997 0.0164236
5 0.462581 0.735866 0.132693 0.504721 0.0150705
5 0.471782 0.744543 0.120528 0.485922 0.0107043
