3 0.334659 0.624109 0.23095 0.0929424 0.841891
8 0.185257 0.927468 0.0561813 0.0349287 0.821967
5 0.2451 0.721718 0.0536822 0.265371 0.580727
5 0.435271 0.625009 0.0333359 0.157486 0.225551
5 0.435405 0.614842 0.0296727 0.13674 0.175788
5 0.250472 0.724419 0.0421705 0.24488 0.153454
5 0.436259 0.60477 0.0272489 0.114882 0.0916817
5 0.437341 0.590539 0.0263262 0.0813871 0.0674921
5 0.249123 0.713898 0.0427981 0.223798 0.0568287
5 0.59878 0.737461 0.0279478 0.295184 0.0122578
5 0.596871 0.774035 0.0469832 0.382196 0.0118294
5 0.59717 0.769511 0.0474163 0.375577 0.0111025
