8 0.947466 0.506276 0.105068 0.134746 0.922681
3 0.464471 0.532537 0.235884 0.113302 0.875104
3 0.745734 0.461705 0.136456 0.0698901 0.778224
5 0.379397 0.630647 0.115647 0.310535 0.71604
5 0.574315 0.688604 0.0523973 0.508803 0.408704
5 0.568252 0.567971 0.0353019 0.255917 0.134191
5 0.574071 0.68744 0.0497794 0.512939 0.0826865
5 0.570532 0.638669 0.042987 0.420578 0.0549421
5 0.567368 0.586528 0.0362892 0.297511 0.043581
5 0.578218 0.691706 0.0563226 0.512101 0.0246311
5 0.5769 0.703352 0.0562331 0.528514 0.0217283
