8 0.135274 0.294851 0.0910427 0.0603285 0.894216
3 0.472544 0.644693 0.263441 0.144541 0.886013
5 0.547809 0.781641 0.142858 0.3949 0.87877
5 0.388005 0.555423 0.0936508 0.151372 0.515837
5 0.262429 0.689091 0.0484897 0.34277 0.448627
3 0.20562 0.609253 0.128287 0.0665137 0.398055
5 0.351136 0.817674 0.0283435 0.192009 0.316568
5 0.387935 0.59444 0.101348 0.229527 0.230126
5 0.387653 0.604156 0.103684 0.248553 0.138638
3 0.471989 0.643053 0.263418 0.139184 0.100644
5 0.388098 0.668504 0.108559 0.371806 0.0865766
5 0.363197 0.625809 0.0561239 0.163002 0.0594511
5 0.35858 0.624436 0.0447526 0.133039 0.0255035
5 0.351323 0.815301 0.0241864 0.159973 0.0174697
5 0.262475 0.714154 0.0289346 0.294207 0.0154933
5 0.389124 0.594492 0.0998121 0.230318 0.0128638
5 0.387585 0.559005 0.0952085 0.147298 0.0117804
