3 0.630929 0.257695 0.177618 0.119054 0.885666
8 0.954857 0.477625 0.0752059 0.0702735 0.885097
3 0.435753 0.379348 0.189914 0.102962 0.506474
3 0.47898 0.26335 0.144202 0.0815458 0.220279
3 0.475902 0.0840475 0.0988742 0.078999 0.201259
5 0.880659 0.151692 0.0618042 0.224666 0.193197
5 0.880764 0.143844 0.0611396 0.204481 0.053818
5 0.630262 0.524303 0.0368225 0.468912 0.048523
3 0.479765 0.265617 0.144284 0.0886878 0.0297192
3 0.491306 0.266786 0.161569 0.092288 0.0257325
0 0.469785 0.28774 0.322708 0.281979 0.0139133
3 0.320178 0.201963 0.422356 0.333203 0.0133837
