8 0.943165 0.142061 0.106449 0.0959594 0.909407
3 0.557767 0.643217 0.1795 0.118224 0.803048
5 0.623338 0.631223 0.0492071 0.441138 0.504127
5 0.484933 0.668504 0.0284218 0.17858 0.29334
3 0.65829 0.689549 0.0992344 0.0570971 0.172025
5 0.693793 0.629167 0.0391968 0.441286 0.0808147
5 0.485767 0.677528 0.0308277 0.208452 0.0568572
5 0.697026 0.724899 0.0246771 0.267455 0.0500682
5 0.625727 0.648531 0.0448157 0.411323 0.0433847
5 0.484078 0.65834 0.0267582 0.158677 0.0339689
5 0.485182 0.651608 0.0320568 0.249444 0.0241752
5 0.698048 0.650804 0.031805 0.462109 0.0237357
5 0.703132 0.531299 0.0262428 0.250983 0.0167334
5 0.702778 0.605107 0.0303471 0.409655 0.0158863
5 0.696171 0.739245 0.0245682 0.274482 0.0131581
