8 0.956249 0.260268 0.0647354 0.0922119 0.874053
3 0.414319 0.705914 0.178323 0.131239 0.86801
8 0.894275 0.0711161 0.0414462 0.0340953 0.809319
3 0.717443 0.769432 0.152213 0.125025 0.770733
5 0.472935 0.835152 0.0320854 0.205838 0.465556
5 0.472589 0.83704 0.0345902 0.222901 0.336473
5 0.652195 0.780553 0.069665 0.388463 0.308702
5 0.653074 0.781923 0.0699779 0.38901 0.0771493
5 0.778043 0.671826 0.0245855 0.282034 0.021985
5 0.345504 0.661561 0.0332588 0.2058 0.0207353
5 0.652463 0.777872 0.0670215 0.386259 0.0154271
5 0.345314 0.679617 0.0351445 0.237846 0.0139471
5 0.343691 0.685715 0.0328737 0.248928 0.0124972
5 0.778221 0.650762 0.0227591 0.227999 0.0115111
5 0.479202 0.764621 0.0523193 0.348482 0.0109682
