8 0.927835 0.842424 0.110524 0.0637491 0.897509
3 0.381831 0.569459 0.234619 0.094603 0.854797
3 0.650132 0.504456 0.143452 0.0626264 0.815204
5 0.472539 0.653156 0.0694195 0.340474 0.776402
5 0.703718 0.566249 0.0402809 0.198708 0.647994
3 0.709315 0.392145 0.10962 0.0507171 0.633192
5 0.707172 0.568487 0.0466194 0.206906 0.0750366
5 0.701371 0.578986 0.0326867 0.19522 0.0587234
5 0.288419 0.584972 0.0444123 0.0999069 0.0509358
5 0.290962 0.589378 0.0519283 0.11058 0.0334843
5 0.700723 0.594428 0.0326577 0.202482 0.0266736
5 0.285909 0.579841 0.0390223 0.0943353 0.0115914
