3 0.599967 0.668461 0.283399 0.167845 0.906531
3 0.251099 0.489534 0.0925902 0.0984568 0.88077
5 0.720046 0.761153 0.0618491 0.399125 0.869846
8 0.0487809 0.0381947 0.0223158 0.0366944 0.765428
8 0.026656 0.672986 0.0499796 0.0344612 0.351173
8 0.0265929 0.618728 0.0518452 0.144336 0.121132
8 0.0269273 0.631445 0.0530347 0.116365 0.0972888
8 0.0270176 0.648272 0.0533394 0.0824202 0.036838
8 0.0265221 0.613481 0.0505064 0.15533 0.0245728
5 0.71594 0.791701 0.0469053 0.23428 0.0160802
8 0.0268248 0.648901 0.0531343 0.0822884 0.0146859
