3 0.302304 0.526011 0.342381 0.103122 0.856443
8 0.841757 0.326216 0.0519218 0.0347627 0.821448
3 0.427613 0.505695 0.28483 0.0658375 0.760914
6 0.606621 0.565682 0.208804 0.388772 0.274549
6 0.607495 0.570531 0.214925 0.402229 0.150349
7 0.707079 0.647709 0.436714 0.565228 0.121865
6 0.629203 0.629696 0.28035 0.520751 0.0520853
3 0.211965 0.49819 0.153085 0.0583539 0.0273496
3 0.208671 0.490256 0.147275 0.0504054 0.0234227
3 0.218649 0.512954 0.169175 0.0841701 0.0156191
7 0.702317 0.573727 0.385735 0.442733 0.0121079
3 0.225449 0.518664 0.184261 0.0888981 0.0109782
