3 0.533526 0.440258 0.261629 0.0786912 0.900428
3 0.201804 0.325849 0.101833 0.0437359 0.85438
8 0.099629 0.072792 0.0503409 0.0335544 0.798539
3 0.248058 0.410422 0.171675 0.0556449 0.793971
5 0.643096 0.494748 0.0280364 0.0898066 0.0672374
5 0.643246 0.4879 0.0278525 0.080824 0.0442746
5 0.28652 0.641092 0.0627057 0.450512 0.0221613
5 0.28444 0.648068 0.0609103 0.460659 0.0207704
5 0.645015 0.483304 0.0174897 0.0937536 0.0195184
5 0.643381 0.502672 0.0298376 0.108344 0.0183937
5 0.643243 0.467662 0.0213113 0.0940373 0.0183523
5 0.301094 0.472687 0.0390395 0.129109 0.012182
5 0.283022 0.72423 0.0511821 0.355488 0.0105664
