3 0.57854 0.322365 0.239259 0.11925 0.894367
3 0.308806 0.3221 0.133502 0.0713131 0.873721
8 0.105809 0.152787 0.0390325 0.0344517 0.78283
5 0.482161 0.430831 0.0676726 0.341221 0.77188
8 0.0471839 0.742986 0.0818646 0.0201958 0.721798
5 0.253805 0.356071 0.0258554 0.222775 0.22719
5 0.654025 0.408375 0.0561814 0.127735 0.171759
5 0.253717 0.36381 0.025363 0.221694 0.170107
5 0.253966 0.350694 0.0255127 0.20948 0.12544
8 0.0458652 0.705922 0.0853717 0.0948042 0.0752895
5 0.362443 0.340505 0.0211306 0.114922 0.0522975
5 0.358769 0.378312 0.0215829 0.177616 0.0364041
5 0.357007 0.401425 0.0221659 0.152484 0.0345471
5 0.360767 0.357503 0.0210695 0.148862 0.0342341
5 0.357399 0.393432 0.0215263 0.161213 0.0262614
5 0.252201 0.358023 0.0331315 0.215196 0.0229977
5 0.363613 0.329321 0.0211845 0.0884408 0.0228408
5 0.35686 0.410171 0.0253583 0.173942 0.0219481
5 0.65555 0.399259 0.0480626 0.106336 0.0201241
5 0.357655 0.372974 0.0315801 0.191041 0.0193825
