8 0.894262 0.347237 0.165035 0.131148 0.887567
3 0.404491 0.57304 0.144562 0.0774655 0.841072
5 0.474257 0.635061 0.0460564 0.364534 0.412181
5 0.340675 0.581934 0.067388 0.207811 0.324509
5 0.342834 0.579253 0.0592239 0.187766 0.0989301
5 0.345597 0.581311 0.0595395 0.193733 0.0619096
5 0.466645 0.582637 0.0270785 0.237762 0.0464988
5 0.466709 0.590148 0.027649 0.227471 0.045565
8 0.89402 0.34702 0.165563 0.131138 0.0343815
5 0.466836 0.630258 0.031755 0.2724 0.0230679
5 0.466871 0.608698 0.0294468 0.242608 0.0199703
5 0.466643 0.576923 0.0272468 0.240201 0.0187211
5 0.466427 0.564484 0.0262038 0.209175 0.0134561
