3 0.585025 0.55406 0.188359 0.100641 0.90708
3 0.392943 0.603306 0.0988872 0.0792475 0.887053
3 0.355222 0.470046 0.0661484 0.0514422 0.859036
8 0.773546 0.421299 0.0293705 0.0349175 0.816513
5 0.530064 0.650846 0.0600585 0.148122 0.332687
5 0.526841 0.636514 0.0522777 0.119382 0.10856
5 0.531382 0.659909 0.0634708 0.165973 0.0379784
5 0.65971 0.611235 0.0186883 0.0828611 0.0370703
5 0.659692 0.617418 0.0196998 0.0986177 0.0296061
5 0.530006 0.651669 0.06017 0.147916 0.0274433
5 0.534001 0.666159 0.0636856 0.176177 0.0110415
