3 0.628426 0.490059 0.340205 0.0973801 0.884962
3 0.191206 0.383571 0.117789 0.0491982 0.877945
3 0.261707 0.519699 0.188842 0.0788558 0.876873
8 0.955701 0.92467 0.0847059 0.059966 0.875902
5 0.76825 0.550319 0.0411379 0.120375 0.514573
5 0.513977 0.555966 0.0685146 0.0987926 0.351845
5 0.766325 0.554238 0.0384186 0.119106 0.113681
5 0.520399 0.571667 0.0822385 0.131837 0.106358
5 0.517009 0.562018 0.0755971 0.110622 0.0504944
5 0.76609 0.557744 0.0379658 0.120462 0.0333463
5 0.770461 0.530356 0.0446625 0.15274 0.0163407
