8 0.0743657 0.403416 0.0928738 0.0663052 0.90472
3 0.658816 0.694783 0.203465 0.104039 0.850859
5 0.575129 0.748165 0.0634313 0.352279 0.732672
5 0.741257 0.74212 0.0389208 0.317925 0.222281
5 0.74455 0.777514 0.0282066 0.190604 0.153214
5 0.743299 0.799559 0.0320108 0.212156 0.137231
5 0.743846 0.79169 0.0300423 0.203851 0.0984762
5 0.374464 0.757776 0.0372258 0.279261 0.0562126
3 0.310091 0.656895 0.150709 0.0875603 0.0554407
5 0.744828 0.760641 0.0269731 0.152885 0.0402881
5 0.37408 0.738851 0.0413182 0.294897 0.0375158
5 0.744252 0.785334 0.0292534 0.204847 0.0327367
5 0.574117 0.744636 0.0462273 0.268011 0.0266879
5 0.374882 0.771128 0.0391436 0.283051 0.0242099
5 0.373752 0.746048 0.0347985 0.281552 0.0205185
3 0.310495 0.665344 0.151331 0.101952 0.0168589
5 0.372555 0.706932 0.026868 0.238684 0.0161589
5 0.374318 0.74189 0.0426289 0.299598 0.0158757
5 0.372309 0.718652 0.0295512 0.264432 0.0146408
5 0.37288 0.733469 0.0320531 0.278009 0.0139059
