8 0.874177 0.154379 0.201534 0.117433 0.925431
3 0.516823 0.51556 0.235925 0.0825959 0.815697
5 0.603574 0.596175 0.0453503 0.194839 0.394199
5 0.420123 0.563865 0.0523593 0.220104 0.174115
5 0.417526 0.516358 0.0394599 0.121233 0.129339
5 0.418663 0.560918 0.0456831 0.206847 0.113836
5 0.604941 0.586025 0.0422493 0.175988 0.0690233
5 0.418194 0.528569 0.0418972 0.152561 0.0670536
5 0.417206 0.505382 0.0370066 0.0954597 0.0628106
5 0.589574 0.712079 0.0733991 0.423965 0.0445821
5 0.418674 0.545445 0.0432304 0.185205 0.0374369
5 0.592306 0.597606 0.0651437 0.214384 0.0331825
5 0.416751 0.49548 0.0348878 0.0753803 0.0312128
5 0.580555 0.533969 0.0780092 0.220997 0.021266
5 0.588359 0.559093 0.0695209 0.225164 0.0144857
5 0.601012 0.600195 0.0581771 0.214056 0.0135194
