8 0.907738 0.346938 0.150797 0.113054 0.93349
3 0.460787 0.506666 0.228607 0.0884789 0.882596
3 0.708238 0.476578 0.135893 0.0639076 0.839794
5 0.40757 0.628342 0.120705 0.251686 0.747518
5 0.528635 0.455636 0.0738661 0.0915362 0.572973
5 0.652666 0.501136 0.051207 0.175878 0.388059
5 0.653782 0.499843 0.0681488 0.189846 0.291092
5 0.652607 0.49427 0.0501715 0.163154 0.158763
5 0.52832 0.515902 0.0882397 0.205075 0.129308
5 0.761137 0.523014 0.0209389 0.11173 0.127485
5 0.404062 0.605964 0.11325 0.199447 0.120753
5 0.761272 0.511823 0.0191881 0.0876967 0.0705225
5 0.661954 0.573979 0.0805121 0.330814 0.0275836
5 0.761719 0.531575 0.0236845 0.132199 0.0273273
5 0.762299 0.495046 0.0199827 0.0636894 0.0133002
5 0.650733 0.495936 0.0504413 0.175082 0.0126804
