8 0.906898 0.426968 0.169629 0.107666 0.931955
3 0.437862 0.659298 0.18856 0.0754646 0.846008
3 0.5891 0.644551 0.153394 0.0593829 0.810081
5 0.53153 0.733048 0.0851779 0.312903 0.660716
5 0.369398 0.672941 0.0578651 0.119249 0.36182
5 0.643708 0.711883 0.0314429 0.141275 0.279482
5 0.373136 0.679819 0.0677021 0.135116 0.213227
5 0.36516 0.668705 0.0474512 0.106488 0.194169
5 0.644085 0.722991 0.0347126 0.167882 0.166756
5 0.643366 0.701385 0.0296352 0.11686 0.0955146
5 0.531348 0.660176 0.0581938 0.138867 0.0220575
5 0.376644 0.695337 0.0769048 0.160601 0.0186191
5 0.362104 0.661399 0.03997 0.0907026 0.0125172
5 0.644154 0.687635 0.0286637 0.088147 0.0122923
5 0.532341 0.748893 0.0824369 0.221988 0.0118744
3 0.588613 0.668813 0.148039 0.091404 0.0118049
5 0.534032 0.722054 0.0699854 0.27393 0.0104916
