8 0.910102 0.414383 0.127517 0.103653 0.924792
3 0.430573 0.664544 0.18519 0.0776174 0.8539
5 0.379513 0.777964 0.0964889 0.258605 0.848086
3 0.639135 0.646353 0.109922 0.0525279 0.840123
5 0.679535 0.682788 0.0247734 0.0918031 0.444484
5 0.500469 0.665018 0.0604161 0.161542 0.374504
5 0.495763 0.625284 0.0612632 0.08385 0.365431
5 0.599573 0.673172 0.0516837 0.187152 0.334455
5 0.601989 0.674202 0.0514584 0.190481 0.306553
5 0.679627 0.676003 0.0235229 0.0788065 0.110407
5 0.680771 0.690604 0.0271917 0.109606 0.106869
5 0.599742 0.660288 0.0516823 0.131545 0.0942184
5 0.49699 0.670114 0.0665511 0.182114 0.0912578
5 0.500948 0.674994 0.0609043 0.182931 0.0354538
5 0.681863 0.70192 0.0299732 0.132752 0.0339599
5 0.375847 0.767237 0.0891681 0.215803 0.0133482
5 0.497592 0.671181 0.0694198 0.179161 0.011512
