8 0.946251 0.151641 0.103188 0.0885832 0.899511
3 0.516648 0.370666 0.201815 0.0831079 0.708852
5 0.432698 0.361795 0.038487 0.197979 0.199831
5 0.429193 0.362924 0.0354504 0.203793 0.187633
3 0.515636 0.371077 0.2007 0.0830237 0.175891
5 0.430267 0.361194 0.0369453 0.206308 0.111611
5 0.616319 0.400354 0.102235 0.233424 0.0935448
5 0.604471 0.404727 0.0799654 0.207582 0.0566936
5 0.610361 0.446809 0.104297 0.323807 0.0300654
5 0.431335 0.366419 0.041686 0.198601 0.0294545
5 0.616641 0.392849 0.100769 0.224834 0.0293266
