3 0.41869 0.420574 0.142463 0.0799855 0.893603
8 0.711559 0.895942 0.031377 0.0394439 0.833753
3 0.558838 0.264013 0.0561857 0.0558263 0.666386
5 0.487768 0.474947 0.0295828 0.262522 0.63832
5 0.365024 0.448487 0.0332888 0.108957 0.352875
5 0.488341 0.460679 0.0278825 0.231427 0.288651
3 0.547165 0.334022 0.0870094 0.0601071 0.11697
5 0.364633 0.447045 0.0327362 0.103697 0.0275638
5 0.365393 0.449395 0.03246 0.0975664 0.0135014
5 0.367481 0.464778 0.0350662 0.114169 0.0133613
5 0.366227 0.454811 0.0334035 0.104421 0.0122431
