8 0.933129 0.843333 0.1092 0.0804241 0.898752
3 0.456083 0.374675 0.207458 0.074221 0.839442
3 0.60515 0.258831 0.0943912 0.047993 0.627776
5 0.372196 0.401813 0.0391436 0.113782 0.536544
5 0.543501 0.415632 0.0927963 0.250407 0.270422
5 0.543327 0.403255 0.083713 0.210083 0.26245
5 0.370104 0.388709 0.0374385 0.111931 0.198064
5 0.546821 0.469179 0.0906296 0.360715 0.0716703
5 0.545057 0.406616 0.0874021 0.232983 0.0434072
5 0.369855 0.379478 0.034988 0.102895 0.0211852
5 0.542924 0.519947 0.037064 0.25083 0.0157249
