4 0.629227 0.461605 0.423976 0.238874 0.97326
8 0.834221 0.875321 0.11581 0.0863949 0.891483
3 0.57583 0.497379 0.246998 0.0779458 0.880963
3 0.317133 0.406347 0.228729 0.0656321 0.734966
5 0.378863 0.629395 0.0592902 0.40373 0.244426
5 0.691238 0.494821 0.0262046 0.0887064 0.159866
5 0.384123 0.519091 0.0682394 0.210983 0.0937822
5 0.481672 0.490953 0.0586343 0.0829108 0.0894988
5 0.47968 0.487071 0.0484531 0.0789931 0.0762018
5 0.690923 0.499227 0.0290564 0.103427 0.0746415
5 0.68957 0.50731 0.0350283 0.122159 0.0557611
3 0.320857 0.4888 0.138701 0.0572638 0.0487446
5 0.386415 0.493773 0.0603669 0.156506 0.0434563
3 0.321761 0.485772 0.141752 0.0594358 0.0395679
5 0.691103 0.490515 0.0232589 0.0795581 0.0369946
3 0.317651 0.389737 0.237919 0.0718231 0.015019
5 0.389377 0.481988 0.0520287 0.126091 0.0100667
