4 0.611161 0.462508 0.311079 0.205793 0.951523
8 0.704835 0.914388 0.0526823 0.0361779 0.803322
8 0.88268 0.668081 0.0465629 0.0727449 0.785398
3 0.502986 0.466125 0.224058 0.102993 0.570939
3 0.505508 0.480395 0.198621 0.0763748 0.208415
5 0.57537 0.563954 0.19425 0.277528 0.0991193
5 0.585972 0.521609 0.126548 0.179973 0.0732124
0 0.403472 0.480498 0.101657 0.0814301 0.0328099
5 0.569563 0.528144 0.0820562 0.154891 0.0218493
3 0.403472 0.480498 0.101657 0.0814301 0.0186564
5 0.598199 0.484628 0.0950746 0.104472 0.018531
3 0.50755 0.486001 0.190197 0.0678261 0.0173816
5 0.588113 0.500417 0.118267 0.134679 0.0140904
5 0.567374 0.51216 0.0708601 0.118536 0.013366
0 0.403444 0.477267 0.0913676 0.076814 0.0130369
