8 0.145629 0.37629 0.118596 0.0620559 0.886877
3 0.452811 0.519995 0.238277 0.0834095 0.778233
5 0.5762 0.557883 0.0618587 0.181368 0.201666
5 0.525705 0.56726 0.125798 0.200748 0.167337
5 0.324175 0.638079 0.0794788 0.425029 0.0692818
5 0.574953 0.564519 0.0633271 0.188082 0.0643426
5 0.51429 0.552066 0.126815 0.159853 0.0484028
5 0.511572 0.536613 0.117039 0.117246 0.0421638
5 0.577446 0.549728 0.0549709 0.15853 0.0413903
5 0.319625 0.605752 0.0940784 0.389011 0.0401826
5 0.539635 0.556945 0.105507 0.171865 0.0297943
5 0.558336 0.566115 0.0717834 0.187564 0.0224813
5 0.506151 0.549744 0.109348 0.148528 0.0214714
5 0.515055 0.564763 0.134958 0.184383 0.0213067
5 0.52925 0.541877 0.11539 0.132729 0.0186994
5 0.499628 0.566268 0.103547 0.17474 0.0173813
5 0.327219 0.57124 0.0746191 0.297532 0.0105236
