8 0.0769997 0.349498 0.107591 0.08189 0.898276
3 0.587579 0.503496 0.212871 0.0984907 0.837968
5 0.504349 0.529692 0.0665672 0.200502 0.51664
5 0.387942 0.639208 0.0635727 0.421394 0.384323
5 0.506142 0.531835 0.0733848 0.217607 0.371836
5 0.392576 0.63849 0.0669362 0.416935 0.341186
3 0.346208 0.478565 0.148054 0.0751862 0.222542
3 0.348401 0.472137 0.155447 0.0848491 0.193172
3 0.317914 0.669565 0.132975 0.056107 0.091016
0 0.310402 0.387207 0.323488 0.187258 0.0332005
3 0.345224 0.488773 0.145503 0.0608669 0.0331637
3 0.350388 0.463958 0.162318 0.0823093 0.0276415
5 0.393216 0.6328 0.0677424 0.416478 0.0234895
5 0.404919 0.50933 0.0588768 0.173257 0.022029
5 0.379197 0.65022 0.0462225 0.299772 0.0151071
5 0.387815 0.640941 0.0622339 0.422771 0.0135499
5 0.397082 0.59862 0.0703756 0.354323 0.0128323
5 0.386709 0.651452 0.0399005 0.317858 0.0113717
