3 0.468844 0.542692 0.348337 0.106882 0.836328
3 0.823183 0.461544 0.114909 0.0563761 0.79096
8 0.970159 0.839345 0.0596818 0.0667956 0.662541
5 0.589498 0.649551 0.0642781 0.174921 0.527587
3 0.8233 0.461184 0.113928 0.0568261 0.225216
5 0.581899 0.700504 0.0836032 0.280439 0.0889204
5 0.332266 0.584 0.0644114 0.121611 0.0882178
5 0.585296 0.679179 0.0771088 0.240134 0.064839
5 0.337879 0.608465 0.0778482 0.176635 0.0338774
5 0.334204 0.594129 0.0730589 0.151564 0.0280208
5 0.330539 0.573168 0.0559044 0.0980589 0.0219929
8 0.970365 0.839192 0.0592701 0.0666121 0.014563
5 0.58718 0.658939 0.0752436 0.202382 0.0107635
