3 0.544232 0.528838 0.263423 0.0824702 0.86152
8 0.0320448 0.0867801 0.0378929 0.0343258 0.814288
3 0.281533 0.548462 0.133153 0.0701847 0.804803
3 0.231951 0.423358 0.0868257 0.0503369 0.57201
5 0.450015 0.577711 0.0794285 0.169482 0.470968
5 0.660812 0.568357 0.0167365 0.0997097 0.119282
5 0.660623 0.560548 0.0155443 0.0860301 0.0643804
5 0.330446 0.586165 0.0194914 0.0733592 0.0419945
5 0.330139 0.597556 0.021053 0.0975752 0.0389548
5 0.661505 0.578611 0.0187602 0.120184 0.0211667
5 0.447736 0.567915 0.0704628 0.144012 0.0181085
