8 0.0442182 0.289585 0.081193 0.0935086 0.902547
3 0.604476 0.560986 0.180013 0.100674 0.880315
3 0.358165 0.479251 0.149533 0.0909466 0.85821
5 0.414824 0.562548 0.0421103 0.334442 0.440885
5 0.415339 0.544422 0.0333749 0.288468 0.154097
5 0.415115 0.564541 0.0412938 0.337835 0.0532529
5 0.282505 0.710521 0.0539956 0.446309 0.0427829
5 0.292344 0.611008 0.0310496 0.251212 0.037682
5 0.282772 0.719456 0.0515222 0.467552 0.025883
5 0.416221 0.599097 0.0285388 0.224904 0.013541
5 0.410593 0.641647 0.0270917 0.203229 0.0105922
