8 0.0321483 0.355339 0.0642966 0.0219717 0.789521
3 0.534015 0.432015 0.190367 0.0818907 0.741389
3 0.545959 0.474828 0.185191 0.168734 0.478044
5 0.513304 0.537657 0.143144 0.426648 0.104722
5 0.429374 0.536876 0.134049 0.447494 0.0761275
8 0.032538 0.316983 0.0650759 0.0978942 0.0503071
5 0.425086 0.557083 0.119824 0.43639 0.0196916
5 0.53395 0.535178 0.199401 0.422233 0.0158279
8 0.0327152 0.326311 0.0654305 0.0817266 0.0157165
5 0.545959 0.474828 0.185191 0.168734 0.0106353
5 0.447582 0.479801 0.0446053 0.238429 0.01004
