3 0.623893 0.619012 0.283486 0.0928431 0.876647
8 0.0562854 0.596591 0.0481249 0.0370812 0.808711
5 0.486829 0.622228 0.0567705 0.214202 0.318079
5 0.745657 0.638313 0.0502579 0.267577 0.315277
5 0.740704 0.636779 0.0567676 0.26753 0.168637
8 0.028328 0.924277 0.0177341 0.0157961 0.127028
5 0.494236 0.61922 0.0426824 0.216408 0.122794
3 0.223149 0.585743 0.182731 0.0722656 0.117396
5 0.743141 0.634417 0.0454726 0.232453 0.113728
3 0.225637 0.569403 0.191698 0.084937 0.0986951
5 0.741723 0.655925 0.0504984 0.226539 0.0448712
3 0.17439 0.421472 0.110182 0.0532595 0.0319055
3 0.222594 0.595086 0.179426 0.0727137 0.0265796
5 0.282434 0.703319 0.0477209 0.271775 0.0238759
8 0.0287815 0.925217 0.018021 0.0168125 0.0232533
5 0.49307 0.618686 0.0417349 0.200992 0.019127
5 0.283634 0.6958 0.0490424 0.277388 0.0151987
5 0.27931 0.700099 0.0379219 0.236205 0.0124432
5 0.282319 0.707783 0.0387818 0.288615 0.012156
5 0.738928 0.694233 0.0611484 0.38291 0.0121023
5 0.743313 0.658109 0.0521332 0.234614 0.0120748
