8 0.0526979 0.0871078 0.0721112 0.0946048 0.905131
3 0.512715 0.641318 0.201437 0.101465 0.850529
3 0.348135 0.605761 0.12262 0.0815244 0.845649
5 0.431305 0.741008 0.109814 0.477293 0.472969
5 0.600962 0.68819 0.0325072 0.282423 0.325409
5 0.600154 0.666142 0.0304298 0.237002 0.149808
5 0.30529 0.649275 0.0290284 0.125717 0.100563
5 0.596915 0.687161 0.0355947 0.283771 0.0858038
5 0.30648 0.666338 0.0341167 0.165413 0.047208
5 0.430921 0.739282 0.111831 0.476554 0.0405194
5 0.603149 0.727209 0.0261003 0.175889 0.0216407
5 0.600066 0.651607 0.0275577 0.206097 0.0132354
5 0.278801 0.547562 0.027351 0.101757 0.0121313
