3 0.451258 0.526182 0.318391 0.0939777 0.860504
5 0.36008 0.653893 0.126151 0.285894 0.823784
8 0.191585 0.0470704 0.0582825 0.0368366 0.791538
8 0.0260199 0.0148021 0.0517923 0.0196642 0.596009
5 0.575371 0.574323 0.0701863 0.233746 0.200506
8 0.0266242 0.0131813 0.0532485 0.0232119 0.117855
5 0.581199 0.604882 0.0470312 0.196029 0.0831504
5 0.581176 0.595814 0.0460413 0.187272 0.0484784
5 0.580474 0.584523 0.0457684 0.168834 0.0429531
5 0.580431 0.612985 0.0483184 0.20018 0.0419213
5 0.579233 0.566626 0.0473532 0.135483 0.0160376
5 0.573122 0.565701 0.0695454 0.235231 0.0139218
