3 0.509317 0.469373 0.20307 0.0999023 0.884761
8 0.183395 0.900803 0.0701285 0.0605952 0.880083
3 0.289082 0.460608 0.148571 0.0646432 0.305127
5 0.594455 0.533423 0.0640218 0.151752 0.0837883
5 0.616705 0.558227 0.125503 0.274552 0.071864
5 0.598233 0.544391 0.0746941 0.168849 0.0503136
3 0.292462 0.480515 0.139794 0.0816176 0.0470877
3 0.296101 0.504852 0.12869 0.075474 0.0368046
3 0.293958 0.494471 0.131193 0.0715191 0.0336072
5 0.593022 0.497492 0.0743782 0.229044 0.0265127
3 0.29911 0.515776 0.12689 0.0831137 0.0247439
5 0.591068 0.529101 0.0486399 0.109014 0.0114732
