4 0.456013 0.775438 0.224753 0.408278 0.964681
3 0.523761 0.412906 0.217239 0.0779241 0.879794
8 0.31405 0.129248 0.042755 0.0362393 0.799263
3 0.323094 0.403294 0.114861 0.0591789 0.635043
3 0.305214 0.344568 0.0703927 0.0404376 0.401873
3 0.321592 0.407257 0.111551 0.0575623 0.292438
0 0.574162 0.483897 0.118372 0.167864 0.247476
1 0.446071 0.230035 0.0544443 0.0369278 0.107255
5 0.577093 0.480536 0.107894 0.164967 0.0505535
0 0.574914 0.485091 0.118421 0.165007 0.0480583
3 0.319515 0.414468 0.109648 0.0526352 0.0206706
