3 0.459995 0.708824 0.277807 0.0911012 0.860686
5 0.338751 0.746991 0.0900065 0.2639 0.828509
8 0.964043 0.223247 0.048349 0.0344789 0.800223
8 0.973944 0.287798 0.0477013 0.0630577 0.66802
3 0.726006 0.54797 0.101574 0.059634 0.474309
5 0.577418 0.72068 0.0468517 0.191877 0.21422
5 0.573514 0.742398 0.0597539 0.241338 0.170247
5 0.347379 0.748555 0.0667401 0.230459 0.0676575
8 0.97365 0.28781 0.0478681 0.0631626 0.0506492
5 0.575429 0.737412 0.0574713 0.229592 0.039682
5 0.578606 0.716174 0.0436356 0.188262 0.0244584
5 0.571893 0.766632 0.0525321 0.161683 0.016127
