4 0.35516 0.520329 0.433093 0.272177 0.97288
8 0.877478 0.980252 0.0934202 0.0394954 0.878233
8 0.910309 0.370544 0.044998 0.0338299 0.821419
3 0.439929 0.551187 0.310718 0.11022 0.800047
3 0.76297 0.522916 0.107391 0.0685613 0.759484
5 0.316976 0.620288 0.0528897 0.198346 0.40385
5 0.318594 0.621274 0.0557172 0.20693 0.359033
5 0.316486 0.611802 0.0497856 0.182029 0.221478
3 0.703053 0.562437 0.197411 0.08409 0.0499678
0 0.198269 0.550917 0.108368 0.328963 0.0146152
0 0.177521 0.682001 0.0639554 0.0612194 0.0124384
