8 0.851008 0.378568 0.0751588 0.0608191 0.882423
4 0.511664 0.564639 0.429916 0.136515 0.757318
0 0.643044 0.671514 0.160324 0.0920673 0.125181
0 0.431592 0.568092 0.247484 0.0644483 0.101523
0 0.640223 0.699252 0.158669 0.102679 0.0517145
0 0.478251 0.492512 0.276565 0.0471379 0.0516369
3 0.643044 0.671514 0.160324 0.0920673 0.0445288
3 0.57511 0.414851 0.203087 0.0741953 0.0373477
0 0.451107 0.627369 0.182457 0.0417845 0.0347822
0 0.464022 0.626945 0.165389 0.0392864 0.0270878
0 0.6452 0.696747 0.159712 0.112178 0.0237902
0 0.645802 0.706923 0.151362 0.109039 0.0198259
3 0.521436 0.696898 0.404326 0.500466 0.0163172
0 0.450686 0.620028 0.190198 0.0488497 0.0160513
4 0.514254 0.571432 0.425633 0.130171 0.0155501
0 0.63887 0.706588 0.159605 0.109151 0.0152076
0 0.632804 0.700471 0.16527 0.107487 0.0128922
4 0.517916 0.592513 0.416476 0.101888 0.0115216
0 0.537554 0.505936 0.158731 0.0412723 0.0114469
