8 0.904284 0.424448 0.0793848 0.0664457 0.880322
0 0.517132 0.569342 0.356437 0.137882 0.279282
0 0.656591 0.629512 0.181873 0.138056 0.146586
0 0.651741 0.603212 0.18923 0.107721 0.105978
0 0.65376 0.615325 0.1856 0.124294 0.0941456
3 0.651741 0.603212 0.18923 0.107721 0.0854171
3 0.65376 0.615325 0.1856 0.124294 0.0578695
0 0.503506 0.402451 0.279623 0.0406171 0.0508511
0 0.50207 0.418062 0.279177 0.0535164 0.0412453
4 0.527927 0.483218 0.473566 0.11602 0.0386294
0 0.462667 0.51318 0.332461 0.117267 0.0372947
4 0.540439 0.698434 0.44194 0.59716 0.0279246
4 0.525435 0.46583 0.479009 0.105259 0.0276058
7 0.540439 0.698434 0.44194 0.59716 0.0181082
3 0.656591 0.629512 0.181873 0.138056 0.0160618
0 0.496319 0.423592 0.286921 0.0470098 0.0151935
0 0.65775 0.634922 0.178218 0.128731 0.0142382
4 0.523782 0.439576 0.480705 0.0750017 0.0103106
