8 0.288871 0.249396 0.0333625 0.0396869 0.81785
4 0.548306 0.470335 0.280371 0.113945 0.538718
3 0.636262 0.580446 0.0900817 0.123044 0.428496
0 0.502925 0.525203 0.133089 0.0737768 0.298473
4 0.549852 0.486359 0.278648 0.13162 0.259465
4 0.546167 0.443831 0.284802 0.117856 0.139214
0 0.522337 0.421934 0.0484289 0.0287868 0.138336
0 0.636262 0.580446 0.0900817 0.123044 0.133942
4 0.552328 0.497611 0.273483 0.133917 0.0802845
0 0.573126 0.413208 0.100035 0.0400484 0.0618985
7 0.696948 0.652308 0.0943084 0.674927 0.0557236
0 0.546914 0.420518 0.0756023 0.0308505 0.0552091
4 0.551548 0.498747 0.274433 0.126158 0.0538997
4 0.553477 0.526444 0.269522 0.158653 0.0496218
0 0.534088 0.421734 0.0556713 0.0285889 0.0371464
0 0.638942 0.619917 0.0968914 0.092442 0.0355895
0 0.504809 0.421401 0.0730003 0.0313108 0.0327326
0 0.541552 0.518335 0.0552142 0.0383704 0.028073
0 0.57473 0.416342 0.0934076 0.0382539 0.0188986
0 0.639727 0.627936 0.0976363 0.089164 0.0183514
0 0.640084 0.63488 0.101594 0.111118 0.0168984
0 0.476998 0.420399 0.125212 0.0368272 0.0138418
4 0.611487 0.695031 0.157769 0.590556 0.0138038
0 0.55945 0.418931 0.0954901 0.0340212 0.0118543
0 0.521226 0.427976 0.0523925 0.0206077 0.0110843
7 0.671239 0.676254 0.142726 0.647492 0.0104188
