8 0.944851 0.266437 0.102728 0.0611922 0.869344
3 0.604241 0.563751 0.261384 0.348525 0.221404
0 0.633115 0.615005 0.184413 0.140518 0.178098
0 0.618237 0.615225 0.220278 0.161016 0.0718443
4 0.599106 0.63749 0.271976 0.492853 0.0710682
0 0.580504 0.569639 0.296311 0.106777 0.0581044
0 0.579042 0.560588 0.297312 0.100153 0.0448518
0 0.592801 0.619119 0.270065 0.168975 0.0376715
0 0.662575 0.614357 0.120238 0.118503 0.029967
0 0.58296 0.577925 0.289509 0.102564 0.0293108
0 0.592773 0.593012 0.266537 0.114581 0.0292011
0 0.633708 0.604563 0.190068 0.122107 0.0214964
0 0.604241 0.563751 0.261384 0.348525 0.018678
0 0.641113 0.629836 0.163353 0.174777 0.0173092
4 0.604241 0.563751 0.261384 0.348525 0.0172725
0 0.654665 0.603218 0.150519 0.10417 0.0138612
0 0.623029 0.604196 0.211371 0.141618 0.013047
0 0.655964 0.594738 0.156349 0.0843761 0.0105811
