8 0.9378 0.223406 0.0704968 0.062455 0.878876
4 0.56659 0.538865 0.38528 0.108825 0.505866
0 0.517401 0.483042 0.163251 0.0396219 0.222421
4 0.567108 0.514335 0.388968 0.112879 0.171151
0 0.50699 0.477227 0.169392 0.0460014 0.121626
0 0.48597 0.534242 0.208198 0.0540434 0.092702
0 0.518231 0.489717 0.200033 0.0338166 0.0808069
4 0.566281 0.555135 0.383087 0.109691 0.0588684
7 0.722993 0.719914 0.159793 0.475613 0.047983
0 0.646531 0.70733 0.140357 0.118502 0.0379388
0 0.642486 0.705802 0.149727 0.123908 0.0223933
0 0.47864 0.591508 0.173304 0.0510713 0.0219955
4 0.56947 0.559001 0.38321 0.102909 0.0205143
0 0.517393 0.467674 0.130366 0.0363801 0.0193752
7 0.721691 0.727465 0.159045 0.47345 0.0167001
0 0.602754 0.491111 0.131889 0.0364827 0.015144
0 0.582964 0.484758 0.170213 0.0390171 0.0144402
0 0.576627 0.478254 0.187442 0.044181 0.0118847
0 0.472711 0.476745 0.189695 0.0523806 0.011515
0 0.642564 0.698759 0.148254 0.11693 0.0112241
0 0.54073 0.477836 0.186556 0.0447094 0.0103239
0 0.480915 0.591455 0.170799 0.0476409 0.010114
