8 0.336201 0.0655888 0.0304254 0.0380626 0.843487
0 0.526069 0.731413 0.123342 0.147971 0.605006
0 0.52754 0.691372 0.114862 0.0654223 0.440966
3 0.541851 0.687864 0.164598 0.338622 0.413611
0 0.571897 0.508277 0.0941432 0.0357821 0.0355008
0 0.551983 0.509448 0.0781599 0.0364859 0.0272162
0 0.577778 0.508483 0.0913631 0.0390759 0.0241376
0 0.56208 0.50869 0.0870828 0.0337139 0.0202577
4 0.541851 0.687864 0.164598 0.338622 0.0193516
0 0.549616 0.501022 0.0869864 0.0355109 0.0170136
0 0.539394 0.51262 0.106484 0.049214 0.0164248
0 0.571756 0.501458 0.0892775 0.0362274 0.0151335
0 0.535196 0.50203 0.113131 0.0431084 0.0118514
