8 0.95026 0.361627 0.0532576 0.0687236 0.836139
3 0.563947 0.599381 0.343199 0.117824 0.771159
5 0.677405 0.663886 0.0865747 0.149358 0.246709
5 0.67404 0.673667 0.101185 0.183762 0.131734
5 0.671339 0.692325 0.0833968 0.134452 0.0957571
5 0.677547 0.65764 0.0790509 0.124192 0.0450188
5 0.413234 0.692636 0.0546825 0.317666 0.0402718
5 0.414264 0.670436 0.0591726 0.285401 0.035843
5 0.412402 0.706922 0.0542086 0.326215 0.0280934
5 0.413687 0.642788 0.0536032 0.234187 0.0224223
5 0.418838 0.727221 0.0387629 0.249681 0.0193052
5 0.674967 0.673573 0.0872843 0.150486 0.0187824
5 0.421502 0.692831 0.0372224 0.209619 0.0123304
