8 0.900274 0.0407905 0.032545 0.0355606 0.816912
3 0.455593 0.64466 0.308724 0.132832 0.807658
3 0.721116 0.677774 0.230735 0.138984 0.792376
8 0.974865 0.577757 0.0285695 0.0975849 0.744291
5 0.676994 0.816707 0.0917357 0.24328 0.17162
5 0.672461 0.795704 0.0784322 0.192758 0.1161
5 0.572627 0.746173 0.0462128 0.177407 0.0718245
5 0.814511 0.774766 0.0278461 0.221058 0.0561389
5 0.321483 0.678038 0.0382749 0.176142 0.0508013
5 0.812214 0.805389 0.0196659 0.211725 0.0504238
3 0.453691 0.645546 0.310042 0.135366 0.046194
5 0.814066 0.795592 0.0292018 0.252919 0.0457751
5 0.814961 0.758134 0.0281676 0.198204 0.0363118
5 0.81523 0.736767 0.0271787 0.151119 0.0275998
5 0.812463 0.796024 0.0201379 0.207397 0.0273959
5 0.812931 0.785364 0.0214791 0.207728 0.0271593
5 0.320418 0.670077 0.0317644 0.154009 0.0214278
5 0.574148 0.737194 0.0410541 0.156517 0.0169082
5 0.572609 0.740145 0.0446384 0.159278 0.014837
5 0.568589 0.767809 0.0553448 0.223845 0.0135633
0 0.721691 0.6295 0.229324 0.235033 0.0129219
5 0.815694 0.722695 0.0253094 0.114929 0.012739
5 0.814132 0.785741 0.0262386 0.225481 0.0108149
