3 0.479598 0.531583 0.186138 0.0785198 0.865591
8 0.326972 0.303521 0.0466759 0.0342095 0.814645
6 0.632461 0.60119 0.16711 0.4014 0.304677
3 0.503242 0.511994 0.166163 0.0537082 0.161124
6 0.632891 0.59006 0.158439 0.379648 0.126757
7 0.352308 0.579852 0.213521 0.374671 0.120352
7 0.33217 0.528502 0.227303 0.293933 0.11662
3 0.502156 0.550882 0.219196 0.103971 0.115911
3 0.506867 0.503913 0.164645 0.0498648 0.0739673
3 0.509081 0.567416 0.194722 0.0738413 0.0698073
7 0.34544 0.571324 0.221317 0.362025 0.0596085
3 0.495858 0.548726 0.215274 0.108933 0.0541825
3 0.495146 0.524877 0.17747 0.0738861 0.0369303
7 0.720712 0.594826 0.313071 0.422241 0.0342774
3 0.488374 0.531247 0.186279 0.0818091 0.0197988
7 0.338808 0.530936 0.221715 0.287672 0.0188625
3 0.499391 0.540266 0.205912 0.0999671 0.0173527
3 0.515719 0.520009 0.154914 0.0656094 0.0138312
7 0.719322 0.62074 0.329558 0.459651 0.0136756
3 0.507806 0.529329 0.175673 0.0788809 0.0122742
3 0.521903 0.575502 0.16323 0.0599991 0.0112539
