8 0.147505 0.483516 0.090643 0.0841567 0.90604
3 0.633161 0.695591 0.181694 0.106688 0.874153
5 0.710388 0.740894 0.0223732 0.20662 0.279353
5 0.559988 0.735164 0.0520097 0.325162 0.14219
3 0.396762 0.554695 0.156277 0.0709071 0.136672
5 0.708853 0.751675 0.0268665 0.232662 0.0814493
3 0.39744 0.550557 0.156235 0.0631098 0.0455242
5 0.564909 0.765248 0.0563438 0.371105 0.0197585
5 0.547839 0.648836 0.0281875 0.160885 0.0183062
5 0.557693 0.698964 0.0346438 0.218993 0.015487
5 0.545749 0.635954 0.0242228 0.13755 0.0142906
5 0.552804 0.660027 0.0326996 0.16146 0.0139533
