8 0.890793 0.92368 0.122122 0.0689078 0.904166
3 0.614797 0.541087 0.36299 0.111557 0.8785
3 0.191331 0.455325 0.121073 0.0546722 0.61189
3 0.192048 0.455504 0.120466 0.05498 0.503934
5 0.755073 0.622607 0.0399175 0.127172 0.0357116
5 0.498176 0.607457 0.0734489 0.1498 0.0273806
5 0.494407 0.59829 0.0665042 0.130179 0.0241888
5 0.492354 0.588573 0.0595856 0.106487 0.0160962
5 0.754886 0.631083 0.0468982 0.154495 0.0143577
5 0.755449 0.613945 0.0339949 0.101074 0.0108542
5 0.496607 0.597554 0.0633427 0.1264 0.010061
