8 0.237141 0.0552101 0.178131 0.0984188 0.909594
3 0.50562 0.534253 0.441735 0.0787181 0.594739
5 0.343369 0.595978 0.0612363 0.138842 0.313086
5 0.344129 0.611408 0.0684701 0.174333 0.281144
5 0.344203 0.580515 0.053359 0.102166 0.0574934
5 0.339806 0.581219 0.0580882 0.113115 0.0534318
5 0.341177 0.59774 0.0671658 0.151896 0.0499126
5 0.347278 0.628316 0.0720507 0.201028 0.0232637
3 0.509441 0.513948 0.49707 0.124046 0.0231142
3 0.508779 0.513958 0.492366 0.122129 0.0226742
3 0.510825 0.509421 0.508805 0.11519 0.0108495
