8 0.070729 0.851557 0.0735206 0.0351253 0.77893
3 0.376292 0.453077 0.264242 0.120162 0.645921
8 0.0274818 0.909546 0.0549636 0.015393 0.545109
5 0.44785 0.529601 0.124596 0.280724 0.0591179
8 0.0267981 0.909583 0.0535961 0.0149329 0.048725
5 0.457137 0.482322 0.105093 0.184417 0.0312826
5 0.451517 0.506004 0.104853 0.226185 0.0273164
3 0.37742 0.441086 0.25588 0.110418 0.0252964
5 0.403156 0.693055 0.187811 0.598919 0.0177905
5 0.460314 0.462056 0.0967401 0.143761 0.0156626
3 0.377317 0.431041 0.242958 0.0985979 0.0121585
5 0.445739 0.526728 0.105086 0.267938 0.0115364
5 0.38184 0.695248 0.237649 0.604152 0.0103843
