3 0.514187 0.548086 0.248009 0.11921 0.865232
8 0.0340313 0.887664 0.0461102 0.035834 0.811609
3 0.747142 0.640613 0.142246 0.0818349 0.34905
5 0.613423 0.553138 0.0529468 0.131742 0.191211
3 0.748823 0.625775 0.142565 0.0954901 0.11723
5 0.612687 0.586013 0.0794287 0.222388 0.0885197
5 0.61374 0.578116 0.0786393 0.209829 0.0820593
5 0.605049 0.605578 0.0601188 0.198279 0.0635277
3 0.75046 0.614702 0.14269 0.0858807 0.0622744
5 0.703191 0.60635 0.0504127 0.128916 0.0492144
3 0.747429 0.633592 0.145102 0.0963966 0.0379791
5 0.423765 0.667967 0.0983159 0.238402 0.0357656
5 0.613615 0.548652 0.0446426 0.106818 0.0265451
5 0.60629 0.590867 0.0592699 0.185002 0.0261428
3 0.830031 0.370782 0.10386 0.0782631 0.0244777
5 0.425873 0.651272 0.0919492 0.218127 0.0230977
5 0.611882 0.561691 0.0583174 0.156786 0.0152836
5 0.436498 0.61649 0.0597387 0.129994 0.012895
5 0.437576 0.659208 0.0642672 0.207444 0.0116835
5 0.392868 0.60185 0.149732 0.280056 0.011302
5 0.696697 0.646714 0.0674049 0.242629 0.0109879
