4 0.357531 0.881359 0.16674 0.193147 0.755971
8 0.818655 0.0564721 0.348709 0.0433464 0.67426
8 0.27447 0.0611347 0.346684 0.0469634 0.662727
8 0.581889 0.0578929 0.289794 0.0401402 0.355199
8 0.698239 0.053853 0.570868 0.0343051 0.232902
3 0.514363 0.567887 0.159466 0.0719658 0.0945999
8 0.308271 0.058021 0.382739 0.0429868 0.0683674
8 0.51637 0.0581415 0.140995 0.0355767 0.0644831
8 0.455843 0.0556433 0.677048 0.04068 0.0544649
8 0.415529 0.0589101 0.619771 0.0493279 0.0139493
8 0.719829 0.0579439 0.537385 0.0535076 0.0133774
7 0.234153 0.693409 0.355164 0.575145 0.0120288
8 0.355142 0.0563024 0.46977 0.0424814 0.0106723
8 0.712182 0.0543209 0.544945 0.0438604 0.0104337
