3 0.656312 0.779349 0.272194 0.142091 0.873353
5 0.547055 0.790486 0.108507 0.363519 0.84636
8 0.0435629 0.932005 0.0461293 0.0980285 0.817164
8 0.0496909 0.890893 0.0321592 0.0300957 0.588674
5 0.771851 0.799814 0.0432632 0.301338 0.487297
3 0.264605 0.744198 0.171349 0.129892 0.188811
5 0.347988 0.830986 0.0392687 0.307116 0.147449
5 0.771402 0.816993 0.047847 0.339234 0.11856
0 0.688765 0.588085 0.190134 0.323179 0.0385829
5 0.771555 0.805399 0.0391865 0.238268 0.0374601
8 0.048815 0.886766 0.031375 0.0363979 0.0308862
5 0.771614 0.790099 0.0380829 0.235896 0.0258571
5 0.345694 0.86361 0.0322963 0.27278 0.0127254
5 0.343803 0.847299 0.0281389 0.290401 0.0110168
5 0.772036 0.816434 0.0485318 0.341882 0.0103075
