3 0.431767 0.64876 0.217352 0.104346 0.838147
8 0.0666793 0.836636 0.0325298 0.0339423 0.805673
3 0.478062 0.663852 0.135495 0.0863667 0.510644
5 0.44209 0.749284 0.273291 0.406086 0.47218
5 0.339411 0.660933 0.0876513 0.165263 0.115125
5 0.359935 0.832083 0.104247 0.241747 0.0835821
5 0.360768 0.828533 0.106457 0.250697 0.0697354
5 0.318836 0.712752 0.190189 0.308845 0.0629844
5 0.462768 0.680927 0.23388 0.24659 0.0489016
5 0.544289 0.652583 0.059529 0.107763 0.038906
5 0.542648 0.665426 0.0656783 0.141396 0.0230164
5 0.544393 0.676758 0.142489 0.258042 0.0189835
5 0.480712 0.681854 0.210504 0.251808 0.0130215
3 0.49305 0.654506 0.112161 0.0569909 0.0104646
