3 0.411408 0.389517 0.248491 0.109478 0.852134
8 0.0823208 0.977 0.0853163 0.0289391 0.731424
8 0.103633 0.635449 0.0481379 0.0349523 0.671728
5 0.34083 0.512794 0.0754545 0.262064 0.378639
5 0.341611 0.509848 0.0750258 0.258796 0.152091
8 0.103999 0.635486 0.0484595 0.035028 0.0637363
8 0.0815548 0.933068 0.0884613 0.114992 0.0470222
5 0.353841 0.615044 0.108073 0.456631 0.0357497
5 0.351266 0.52536 0.0470044 0.255911 0.0250168
5 0.348325 0.514345 0.0486343 0.246306 0.0208999
5 0.344634 0.501299 0.0507838 0.228068 0.0177055
7 0.227949 0.241934 0.192375 0.254651 0.0173925
