3 0.410739 0.484962 0.279126 0.0722412 0.850312
8 0.0984425 0.8573 0.0562882 0.0343086 0.792736
8 0.0201776 0.386876 0.0403551 0.0492069 0.508094
8 0.0201319 0.404444 0.0402638 0.0140816 0.311726
5 0.539154 0.491941 0.0422623 0.11862 0.183938
5 0.328674 0.585124 0.0599526 0.182284 0.145026
5 0.329484 0.615082 0.0658063 0.240457 0.0982821
5 0.330566 0.604837 0.060052 0.221316 0.0783418
5 0.538894 0.503099 0.0485724 0.149247 0.0675334
8 0.0184997 0.375412 0.0369995 0.069878 0.0598445
8 0.0192073 0.383869 0.0384145 0.0561848 0.0249368
5 0.327196 0.568922 0.0566627 0.147464 0.0171252
