5 0.61725 0.771195 0.15327 0.448158 0.780984
8 0.93293 0.948216 0.0832071 0.101663 0.763389
3 0.516732 0.708012 0.290479 0.0814932 0.762551
8 0.952842 0.886485 0.0440795 0.0356695 0.710824
5 0.423264 0.731872 0.111012 0.460482 0.494804
5 0.613827 0.705495 0.143106 0.446632 0.348405
3 0.516164 0.707996 0.290952 0.0810063 0.177119
5 0.421003 0.632893 0.10286 0.198999 0.165428
5 0.407541 0.852263 0.0610398 0.283412 0.0986528
5 0.425098 0.743551 0.110301 0.49301 0.0858948
5 0.422859 0.631311 0.104263 0.256221 0.0636997
5 0.646302 0.744541 0.112581 0.211097 0.0208147
5 0.408592 0.80724 0.0464149 0.209841 0.0166906
5 0.408376 0.819012 0.0465033 0.230989 0.0158669
5 0.609167 0.746377 0.097995 0.215226 0.0124883
5 0.406068 0.848115 0.0488929 0.290794 0.0101548
