8 0.0636136 0.809543 0.110915 0.107671 0.906933
3 0.608182 0.627183 0.279862 0.160981 0.871484
3 0.310087 0.61079 0.150016 0.0883678 0.863737
5 0.731215 0.665328 0.0661342 0.295055 0.676888
5 0.52601 0.71341 0.105386 0.296695 0.357763
5 0.371094 0.66711 0.0252017 0.204378 0.154875
5 0.728801 0.677545 0.0534029 0.204281 0.103299
5 0.728734 0.682136 0.0549073 0.214148 0.0964162
5 0.371378 0.684207 0.0282765 0.242267 0.0712086
5 0.515644 0.683702 0.078428 0.175411 0.0384897
5 0.375607 0.707647 0.0377911 0.283962 0.0267374
5 0.372605 0.673536 0.0272405 0.222033 0.0177888
5 0.517672 0.696171 0.0831577 0.185363 0.0141114
