8 0.0245005 0.0884585 0.0359244 0.0383105 0.761223
3 0.548751 0.492597 0.320967 0.126563 0.498103
3 0.548989 0.487239 0.323101 0.126773 0.287693
3 0.549048 0.574805 0.306589 0.241038 0.0396001
3 0.536006 0.695566 0.225707 0.295778 0.0353454
3 0.550384 0.550537 0.302546 0.188968 0.0335486
3 0.542908 0.547443 0.291554 0.171375 0.0174723
3 0.538416 0.564476 0.271139 0.165899 0.017041
3 0.53941 0.687701 0.23138 0.286474 0.0144964
5 0.44703 0.704209 0.0404551 0.305011 0.0125933
5 0.447954 0.699504 0.0404323 0.303674 0.0108082
