8 0.188942 0.892633 0.0798765 0.036051 0.837454
3 0.54936 0.423881 0.267463 0.064627 0.588049
3 0.544712 0.408544 0.292878 0.0860965 0.11106
3 0.450312 0.421024 0.167638 0.0483925 0.0473569
7 0.72357 0.393167 0.227676 0.362167 0.0335829
6 0.323891 0.488242 0.17154 0.344149 0.0301989
3 0.4479 0.425675 0.159686 0.0512119 0.0298476
3 0.453247 0.422327 0.169356 0.0521082 0.0279047
3 0.450849 0.427114 0.160285 0.0524796 0.0249723
3 0.454759 0.40988 0.185075 0.0543056 0.0212655
3 0.451344 0.409596 0.183904 0.0493232 0.0187075
3 0.452229 0.386453 0.199734 0.0446229 0.0170152
7 0.737178 0.322618 0.183116 0.234178 0.0112775
