8 0.948991 0.490144 0.102019 0.0805507 0.920129
3 0.554489 0.550183 0.395718 0.178977 0.782106
5 0.437318 0.676412 0.09979 0.219272 0.409643
5 0.638 0.683452 0.0577816 0.172177 0.234083
5 0.665074 0.656087 0.118705 0.226478 0.202389
3 0.553573 0.562995 0.382557 0.150394 0.150743
5 0.637245 0.676285 0.0537843 0.157881 0.106747
5 0.436558 0.67339 0.100474 0.21735 0.0780923
5 0.433135 0.671099 0.0918489 0.207908 0.0658448
5 0.666799 0.652631 0.123087 0.22525 0.0282234
5 0.445416 0.72691 0.124038 0.317964 0.0203051
