8 0.113274 0.428541 0.126196 0.13215 0.924061
3 0.631441 0.438724 0.158954 0.0755436 0.871667
3 0.42666 0.394041 0.124472 0.0598116 0.45098
5 0.577206 0.491889 0.0774896 0.240219 0.383716
5 0.574906 0.469995 0.0694032 0.189863 0.235541
5 0.702394 0.446004 0.0216816 0.1088 0.212767
5 0.702006 0.470093 0.0266695 0.169433 0.168727
5 0.701524 0.485446 0.029226 0.199697 0.108347
5 0.702398 0.453825 0.0236168 0.132049 0.0919335
5 0.572705 0.453072 0.0627781 0.159793 0.0384331
5 0.701676 0.440639 0.019754 0.0916097 0.0246554
5 0.700965 0.494304 0.0287783 0.209354 0.0151512
