3 0.482161 0.571938 0.204894 0.0851709 0.878242
8 0.965402 0.370914 0.0469837 0.0642744 0.838287
3 0.746913 0.597848 0.129433 0.0830811 0.827223
8 0.938059 0.267644 0.0456178 0.0327999 0.797594
5 0.690084 0.744294 0.0409555 0.405066 0.679742
5 0.585825 0.544346 0.049597 0.0985484 0.0905962
5 0.588206 0.535276 0.0406213 0.0784452 0.0595048
5 0.697011 0.701992 0.0278192 0.31191 0.0554951
5 0.583908 0.553486 0.057687 0.116928 0.0235652
5 0.690232 0.70253 0.0320987 0.302653 0.0144479
5 0.59114 0.530522 0.0328088 0.0699217 0.011088
