8 0.0498416 0.469572 0.058393 0.0681024 0.84512
0 0.357573 0.642946 0.224879 0.0456245 0.843317
8 0.0318566 0.0865709 0.0387585 0.0337809 0.785744
0 0.356687 0.718863 0.195174 0.0808171 0.529946
4 0.686515 0.838291 0.332827 0.121471 0.430443
3 0.368373 0.500105 0.316462 0.0804979 0.358749
0 0.357791 0.642462 0.226822 0.0484453 0.204675
0 0.360701 0.734113 0.182486 0.0498902 0.135025
7 0.218275 0.312293 0.150618 0.264011 0.0546396
0 0.362995 0.740398 0.17967 0.0415782 0.0428187
0 0.321627 0.69451 0.123781 0.0316753 0.0295843
0 0.311423 0.644929 0.127696 0.0379056 0.0208121
4 0.702595 0.84103 0.294944 0.125448 0.0177918
0 0.357058 0.650286 0.222292 0.0407886 0.0177499
8 0.686515 0.838291 0.332827 0.121471 0.0115776
