3 0.276989 0.399898 0.0951164 0.0650239 0.885661
8 0.0857614 0.307652 0.0563406 0.0711898 0.877358
0 0.589512 0.503389 0.228412 0.135626 0.743758
0 0.522056 0.769362 0.0820783 0.0515291 0.7249
0 0.525828 0.683762 0.0635873 0.0474837 0.525305
0 0.6571 0.505559 0.141524 0.095753 0.270921
0 0.667556 0.514179 0.0492756 0.0759497 0.254475
1 0.557043 0.282495 0.0356262 0.0343513 0.145029
0 0.550354 0.784467 0.146954 0.257957 0.114142
0 0.530245 0.730019 0.111187 0.0355759 0.110263
0 0.673885 0.505613 0.119884 0.0933277 0.0658871
0 0.547236 0.468529 0.239138 0.0945407 0.0469165
0 0.528397 0.497136 0.0899999 0.0811734 0.0355685
0 0.583118 0.512523 0.22141 0.129887 0.032439
0 0.557043 0.282495 0.0356262 0.0343513 0.0307066
0 0.584169 0.470231 0.198288 0.104456 0.0266877
0 0.524482 0.7171 0.091334 0.300081 0.0257561
0 0.647756 0.503037 0.156051 0.101875 0.0250732
0 0.586939 0.495105 0.238267 0.138582 0.0246395
0 0.535102 0.500072 0.0950885 0.0906134 0.018795
7 0.790934 0.672697 0.211946 0.489145 0.0133044
0 0.547863 0.678284 0.114164 0.050005 0.0102337
0 0.517168 0.782454 0.0816386 0.254855 0.010123
0 0.682348 0.503992 0.111587 0.08899 0.0100652
