4 0.508568 0.682104 0.379813 0.534617 0.954389
8 0.13084 0.0983987 0.0326743 0.0348157 0.763618
3 0.446396 0.550406 0.327216 0.14456 0.680498
8 0.657031 0.974066 0.496029 0.038194 0.522084
8 0.776966 0.863769 0.269606 0.0507455 0.44873
8 0.770974 0.864436 0.268015 0.0473873 0.342548
8 0.657442 0.978087 0.489889 0.0401209 0.131397
7 0.766324 0.609439 0.330794 0.55664 0.126403
8 0.667679 0.974437 0.496418 0.0362236 0.0496621
8 0.632738 0.97959 0.576726 0.040821 0.047501
8 0.651491 0.974998 0.521726 0.0307102 0.039908
3 0.377908 0.65003 0.126523 0.0868303 0.0230578
8 0.762003 0.973027 0.308674 0.0471647 0.0191793
8 0.510093 0.970953 0.207283 0.045238 0.0159058
8 0.701522 0.97924 0.438432 0.0388411 0.0150701
3 0.429094 0.606825 0.288665 0.177313 0.0133594
8 0.620595 0.98007 0.594194 0.0351237 0.010089
