3 0.426243 0.632049 0.193316 0.0963992 0.871223
8 0.876347 0.151333 0.0412332 0.0351879 0.797843
5 0.493461 0.671171 0.0761197 0.236721 0.628543
8 0.977772 0.399047 0.0253412 0.022185 0.51592
8 0.977791 0.398676 0.0246826 0.0214983 0.288592
3 0.676471 0.512315 0.189819 0.0560592 0.285535
5 0.497623 0.656647 0.0642801 0.20635 0.0847043
5 0.495249 0.664669 0.0663354 0.233283 0.0679082
3 0.72225 0.468266 0.0968401 0.0475136 0.0406595
5 0.494071 0.662474 0.0641154 0.216239 0.0294646
5 0.341095 0.695597 0.0189978 0.0908037 0.0105744
