3 0.625683 0.557394 0.236311 0.0885848 0.859695
8 0.213709 0.874675 0.063466 0.0345896 0.805664
8 0.041922 0.919019 0.0782391 0.0204612 0.679168
5 0.374816 0.655772 0.0620213 0.278398 0.195872
5 0.369002 0.65537 0.0455382 0.257549 0.0887271
5 0.5308 0.553174 0.0487195 0.101691 0.0708924
5 0.534783 0.559527 0.0582568 0.11799 0.0493123
5 0.370811 0.673905 0.0506472 0.286228 0.0434521
5 0.535907 0.55717 0.0569087 0.106819 0.0337508
5 0.527406 0.542522 0.0386208 0.0773899 0.0256145
8 0.0435809 0.890245 0.0823989 0.078205 0.0237894
5 0.538619 0.566999 0.063594 0.128233 0.01917
8 0.0429549 0.899322 0.0859097 0.0626776 0.0184902
