3 0.609309 0.514591 0.22392 0.108117 0.861075
3 0.299812 0.420846 0.155599 0.0697851 0.843257
5 0.515041 0.623443 0.0635335 0.452644 0.83512
8 0.0775983 0.197024 0.0393202 0.0331619 0.794497
8 0.028765 0.410442 0.0397613 0.018194 0.617941
5 0.701926 0.524399 0.0349211 0.16997 0.491072
5 0.244719 0.513261 0.0359652 0.220076 0.213086
5 0.245752 0.532473 0.0369165 0.264776 0.0387651
5 0.242973 0.479762 0.028114 0.151973 0.0228268
5 0.243534 0.493751 0.0297563 0.179108 0.0177733
8 0.0283221 0.403014 0.0453623 0.0345168 0.013926
