5 0.459522 0.622699 0.162994 0.221198 0.844328
3 0.658897 0.446798 0.086131 0.0495061 0.833005
8 0.826859 0.231076 0.0364362 0.03431 0.792665
3 0.424531 0.518043 0.267053 0.136193 0.779985
8 0.926155 0.452492 0.0321282 0.0891775 0.73393
5 0.312066 0.544086 0.0492765 0.117237 0.674956
5 0.676315 0.555802 0.0269154 0.120584 0.0497279
5 0.676319 0.567449 0.0305034 0.150316 0.0358642
3 0.418874 0.54053 0.250471 0.109276 0.0187372
5 0.676157 0.545708 0.0234747 0.0900576 0.0184604
5 0.299866 0.618416 0.0693782 0.264013 0.0164357
