8 0.0773808 0.487232 0.0691296 0.0589399 0.88591
3 0.35121 0.363377 0.121968 0.0627371 0.844994
3 0.569142 0.397743 0.177789 0.081312 0.784912
8 0.532721 0.968391 0.0464759 0.0486301 0.771848
5 0.297603 0.411406 0.0380805 0.264647 0.580777
5 0.643845 0.427704 0.0336254 0.222093 0.539766
5 0.644649 0.432697 0.0372395 0.237672 0.460283
5 0.398842 0.432274 0.0306923 0.23486 0.435228
5 0.48412 0.446935 0.0828963 0.261769 0.399603
5 0.487038 0.492191 0.0879247 0.353148 0.397854
5 0.401166 0.422434 0.0310485 0.216354 0.38948
5 0.296657 0.419595 0.0346085 0.25168 0.302552
5 0.482173 0.435976 0.0792392 0.239777 0.258038
5 0.398182 0.439924 0.032395 0.246649 0.0845811
5 0.643502 0.434785 0.033617 0.226799 0.0234608
5 0.399874 0.61409 0.0488294 0.578463 0.0222523
5 0.47769 0.424597 0.0689092 0.214757 0.0154357
5 0.644254 0.430477 0.0376382 0.234794 0.0136079
5 0.399241 0.446722 0.0322838 0.256037 0.0117337
5 0.296296 0.404494 0.0323741 0.226493 0.0110198
