3 0.506791 0.655038 0.242387 0.123525 0.911221
8 0.048259 0.242506 0.0938756 0.197694 0.885981
3 0.765631 0.630848 0.150788 0.10235 0.845533
8 0.338592 0.929659 0.0384981 0.0368802 0.83352
5 0.606914 0.725006 0.0446236 0.260768 0.320515
5 0.607094 0.783192 0.0444686 0.3796 0.120949
5 0.721613 0.692869 0.0316363 0.127811 0.0972383
5 0.607607 0.704444 0.0404458 0.214502 0.0894811
5 0.60312 0.752521 0.0347544 0.188762 0.0213319
8 0.0483346 0.241757 0.0931005 0.197028 0.0130061
5 0.721383 0.706666 0.0363317 0.162385 0.0127064
