3 0.534514 0.595729 0.215416 0.0953264 0.8937
8 0.191787 0.318236 0.0613393 0.0977926 0.884699
3 0.33486 0.439856 0.0776937 0.0469007 0.860537
5 0.430504 0.62847 0.0354718 0.181864 0.39467
5 0.564331 0.701144 0.104263 0.153397 0.208973
5 0.431525 0.617979 0.0330302 0.158535 0.0965628
5 0.555291 0.731107 0.130936 0.222395 0.0463337
5 0.566747 0.68849 0.0945299 0.127302 0.0438413
5 0.559088 0.71285 0.108083 0.179157 0.0247366
5 0.426614 0.643256 0.0369633 0.198775 0.0174341
5 0.428832 0.636144 0.0355283 0.191104 0.0140478
5 0.432514 0.606047 0.0273495 0.12749 0.0132295
5 0.57146 0.676889 0.0759617 0.104781 0.0101894
