8 0.937211 0.413507 0.103584 0.0692163 0.902162
3 0.443116 0.599995 0.279731 0.101583 0.86717
5 0.357978 0.662003 0.119887 0.213995 0.658089
3 0.713255 0.568186 0.148782 0.0597918 0.641818
5 0.564355 0.610224 0.0380406 0.115216 0.187128
5 0.563636 0.61818 0.0420805 0.137892 0.185407
5 0.359023 0.66141 0.119312 0.213255 0.0600521
5 0.357407 0.659482 0.111805 0.200177 0.0337776
5 0.358885 0.655348 0.112538 0.192619 0.0213346
5 0.565133 0.600198 0.0347786 0.0949627 0.0190874
5 0.562813 0.630151 0.046847 0.166156 0.0133181
