3 0.414462 0.453223 0.247718 0.0913755 0.897373
8 0.945477 0.701742 0.0630211 0.06808 0.878464
3 0.645835 0.421597 0.13645 0.0634905 0.74039
5 0.347649 0.529517 0.113742 0.169526 0.594465
5 0.516789 0.485179 0.0251575 0.0956636 0.13769
5 0.521763 0.570017 0.0403348 0.273232 0.124184
5 0.517113 0.478713 0.0246121 0.0813988 0.0379758
5 0.517132 0.51706 0.0284111 0.161244 0.0137582
5 0.516021 0.554927 0.0329628 0.238423 0.0135446
5 0.347701 0.522155 0.111977 0.172906 0.0125731
5 0.516487 0.533958 0.0314775 0.195838 0.0107382
