3 0.616358 0.643578 0.226106 0.123223 0.8831
8 0.942905 0.171513 0.0447676 0.034515 0.806134
3 0.51918 0.6418 0.152092 0.0793241 0.596458
8 0.943656 0.0114677 0.0917309 0.0229023 0.579179
5 0.692361 0.809586 0.0547531 0.334356 0.248293
5 0.692608 0.752073 0.0463693 0.20152 0.23586
8 0.954289 0.01142 0.0689064 0.0226319 0.131653
5 0.693229 0.733182 0.0442998 0.16711 0.0979593
8 0.967806 0.0111455 0.0643873 0.022291 0.0697107
8 0.967463 0.0112209 0.0629425 0.022139 0.0555691
8 0.93649 0.0111444 0.107165 0.0219924 0.0213997
