8 0.893416 0.785664 0.127723 0.100581 0.913786
3 0.504168 0.468077 0.153214 0.0995334 0.850927
5 0.633404 0.557442 0.1889 0.411833 0.781202
5 0.465733 0.56664 0.155527 0.315493 0.4032
5 0.467105 0.523987 0.0997096 0.188828 0.181259
5 0.401646 0.540364 0.0701371 0.185533 0.0940283
5 0.462141 0.515935 0.093126 0.170166 0.0821748
5 0.428954 0.566013 0.128432 0.308377 0.0615842
5 0.400759 0.529198 0.0676934 0.17241 0.0569202
5 0.43156 0.56199 0.13806 0.301456 0.0438545
5 0.400384 0.519106 0.0671403 0.150658 0.0136374
5 0.644144 0.606855 0.184702 0.32176 0.0129811
