3 0.367316 0.654088 0.254836 0.0985118 0.869563
8 0.970482 0.261687 0.0508049 0.0853413 0.857573
3 0.660458 0.635625 0.1885 0.0789016 0.843148
5 0.739391 0.715737 0.0584744 0.281665 0.624342
5 0.256457 0.691963 0.0491144 0.259572 0.508163
5 0.582114 0.67622 0.0383695 0.113773 0.487672
5 0.741882 0.682949 0.0537457 0.211812 0.482375
5 0.255617 0.680444 0.0415941 0.230003 0.337053
5 0.472304 0.678346 0.0596167 0.110296 0.226163
5 0.468391 0.689875 0.0697633 0.137788 0.139246
5 0.582452 0.680391 0.0403452 0.124965 0.12549
5 0.255307 0.694436 0.0514421 0.260036 0.117114
5 0.581607 0.670222 0.0368523 0.107881 0.113164
5 0.463815 0.707288 0.0820818 0.175111 0.102513
5 0.455591 0.718515 0.0954932 0.198519 0.0732698
5 0.581492 0.814706 0.0443995 0.360665 0.0321614
5 0.476554 0.673482 0.0483653 0.0978699 0.0191399
5 0.442039 0.803644 0.118765 0.370156 0.0152378
