3 0.45592 0.598866 0.205169 0.111733 0.876131
8 0.0246263 0.171153 0.0492525 0.0451472 0.556373
3 0.400781 0.483256 0.15667 0.0671486 0.407409
8 0.0304309 0.174353 0.0608618 0.0621864 0.299717
8 0.0316874 0.196086 0.0571553 0.0191335 0.219307
5 0.299657 0.72254 0.110003 0.498201 0.126439
3 0.367675 0.720185 0.141669 0.0702037 0.0771206
5 0.513627 0.555548 0.0576779 0.0908105 0.0645604
3 0.369106 0.696399 0.14145 0.100738 0.0352491
3 0.368207 0.707763 0.143616 0.0869072 0.0306054
8 0.0265462 0.154594 0.053031 0.0829916 0.0172461
8 0.0145397 0.153616 0.0290795 0.0727298 0.0159768
5 0.314804 0.682447 0.0770187 0.417108 0.0134421
8 0.0237198 0.14976 0.0441681 0.0769449 0.0126717
5 0.511864 0.549218 0.0492322 0.0839536 0.0123791
