3 0.547921 0.641679 0.260441 0.145789 0.872107
3 0.22898 0.658666 0.164588 0.0954985 0.866676
8 0.852285 0.588711 0.0303516 0.0340026 0.80856
5 0.47219 0.75434 0.124786 0.338946 0.675107
5 0.655605 0.702157 0.0388187 0.315446 0.584036
5 0.290446 0.782186 0.0475169 0.356074 0.269474
5 0.656852 0.691269 0.032324 0.254342 0.127997
5 0.294692 0.680808 0.0423207 0.153475 0.0983489
5 0.292305 0.781074 0.0503214 0.359833 0.092789
5 0.456952 0.700321 0.0888089 0.214042 0.0721967
5 0.655922 0.735802 0.0341104 0.23293 0.0534942
5 0.293142 0.699511 0.0459055 0.194101 0.0338698
5 0.657635 0.676294 0.0312808 0.243595 0.0126662
5 0.655939 0.711915 0.0329327 0.217607 0.0102121
