8 0.038384 0.880227 0.0449309 0.0361353 0.814486
5 0.717275 0.707651 0.0991963 0.374379 0.716067
5 0.699028 0.773066 0.0552433 0.219536 0.182581
5 0.406021 0.594459 0.0252495 0.111016 0.134679
5 0.724348 0.616025 0.0782485 0.180505 0.0663109
3 0.56677 0.619416 0.357479 0.16501 0.0485889
5 0.405491 0.588089 0.0234481 0.0940319 0.0471416
5 0.695515 0.773892 0.0464066 0.211208 0.0368304
5 0.40765 0.591549 0.0279585 0.108623 0.0250162
5 0.410676 0.609789 0.0371334 0.147564 0.0131513
5 0.408525 0.598595 0.0311807 0.125228 0.010389
