8 0.930129 0.491996 0.0429165 0.166397 0.884053
8 0.904397 0.814348 0.0329258 0.0343262 0.830428
3 0.751701 0.478474 0.0952805 0.0777175 0.791335
5 0.394474 0.766252 0.0907735 0.258063 0.693705
5 0.401546 0.785109 0.072583 0.199771 0.140354
3 0.486145 0.666481 0.259377 0.165045 0.133707
5 0.3995 0.779405 0.0730565 0.198532 0.109609
3 0.483407 0.665402 0.25985 0.170591 0.089719
5 0.595664 0.666681 0.0306459 0.152482 0.0850109
5 0.596253 0.684793 0.0302452 0.175934 0.028473
5 0.59682 0.70253 0.0302433 0.183335 0.0274733
5 0.59319 0.680416 0.0392212 0.202881 0.0234516
5 0.595537 0.658387 0.0299229 0.116421 0.0142465
5 0.594092 0.69067 0.0393121 0.216523 0.0118181
