3 0.429786 0.559073 0.106638 0.0570239 0.839876
8 0.208248 0.493639 0.0418565 0.0343663 0.832028
3 0.587774 0.615147 0.195038 0.18972 0.544864
8 0.801992 0.0645307 0.281235 0.0349538 0.538569
8 0.72659 0.0675549 0.436201 0.0356162 0.507175
7 0.724948 0.605777 0.194508 0.418452 0.192404
8 0.641957 0.0674117 0.293317 0.03752 0.0359004
7 0.333524 0.52755 0.136545 0.33271 0.0218155
8 0.626786 0.0656735 0.24381 0.0380101 0.0197832
8 0.567893 0.0632216 0.120752 0.0351905 0.0175342
8 0.719158 0.0690895 0.433309 0.0311517 0.0167409
8 0.859197 0.0642488 0.16511 0.0314083 0.0138297
8 0.8209 0.0642621 0.242864 0.0346218 0.0121022
8 0.737875 0.0673547 0.423488 0.0346352 0.0117461
8 0.723233 0.0654889 0.444761 0.0427963 0.010742
