8 0.176025 0.474928 0.055983 0.033941 0.828126
8 0.597205 0.0328026 0.622128 0.0392351 0.476164
3 0.616502 0.60724 0.248982 0.101938 0.439386
8 0.700225 0.033746 0.442897 0.0379001 0.412333
3 0.617835 0.559737 0.27247 0.204387 0.0862286
3 0.771831 0.455082 0.141052 0.0517461 0.0704089
3 0.771085 0.446805 0.14112 0.0478904 0.0657652
5 0.699984 0.702448 0.0866758 0.454566 0.0509745
3 0.614947 0.557621 0.28194 0.20035 0.0502606
3 0.771628 0.481619 0.144896 0.0915561 0.0454874
8 0.829256 0.0344454 0.176639 0.0306972 0.0454039
8 0.731367 0.0336924 0.379516 0.0369481 0.0427344
3 0.769273 0.436101 0.145281 0.0540555 0.0302412
5 0.708176 0.722562 0.0702608 0.433281 0.0186448
8 0.875139 0.0343981 0.0827429 0.0277461 0.0179764
3 0.771469 0.470917 0.144666 0.0806948 0.0149814
5 0.617835 0.559737 0.27247 0.204387 0.0125311
8 0.483005 0.0364574 0.428252 0.0405685 0.0124088
5 0.709413 0.705456 0.0767187 0.4485 0.0111165
8 0.603111 0.0363663 0.643753 0.0486202 0.0100473
