8 0.0665081 0.219501 0.133016 0.0797261 0.908416
3 0.52163 0.466823 0.289833 0.118379 0.879459
5 0.387922 0.478968 0.0591328 0.131898 0.511198
5 0.622406 0.600612 0.0567365 0.239322 0.352215
5 0.62292 0.58883 0.0517146 0.207427 0.308864
5 0.621821 0.599917 0.0528759 0.226714 0.270131
3 0.236104 0.403587 0.171206 0.0683152 0.234464
3 0.236201 0.390979 0.18264 0.0879143 0.213211
5 0.38674 0.469115 0.0527458 0.106579 0.122861
3 0.236521 0.395416 0.177475 0.0831863 0.089917
5 0.623228 0.569174 0.0482063 0.162335 0.0560985
3 0.235953 0.409135 0.169579 0.0644128 0.0304542
3 0.235403 0.42128 0.167839 0.0909829 0.0109757
