3 0.259367 0.437061 0.112042 0.059687 0.89023
3 0.625266 0.54465 0.326606 0.109466 0.88845
5 0.744491 0.588086 0.0923223 0.144411 0.842199
8 0.0859695 0.35794 0.0390931 0.0332259 0.759458
8 0.0174141 0.373787 0.0348281 0.0220805 0.431272
8 0.0175333 0.374222 0.0350665 0.0221355 0.314982
5 0.496499 0.650824 0.074753 0.22878 0.247383
5 0.491901 0.600992 0.0607159 0.149092 0.174473
5 0.490347 0.590124 0.0557604 0.124983 0.143967
3 0.313701 0.557897 0.138499 0.0596078 0.136441
5 0.501159 0.649826 0.0665449 0.191736 0.0531574
5 0.502146 0.658253 0.0672947 0.206075 0.0310742
5 0.494806 0.620842 0.0650737 0.178919 0.0154034
3 0.324196 0.498935 0.194431 0.0391708 0.0112194
