3 0.473103 0.6245 0.218371 0.109326 0.854819
8 0.910511 0.217543 0.0381576 0.0340639 0.770028
5 0.535708 0.694477 0.135752 0.305961 0.652294
5 0.37169 0.660253 0.0669196 0.208822 0.520861
5 0.369777 0.662262 0.0631987 0.198969 0.218331
5 0.370684 0.657785 0.061624 0.187398 0.125345
5 0.546635 0.650728 0.110031 0.19116 0.065142
8 0.0258874 0.64908 0.0208887 0.0216484 0.0198339
8 0.0256562 0.654258 0.0216395 0.0324078 0.016468
8 0.0198575 0.653164 0.0202763 0.0306154 0.0149225
3 0.466472 0.518445 0.141858 0.0694601 0.0135509
