3 0.533304 0.688943 0.183726 0.0780571 0.870244
8 0.129756 0.348537 0.0384536 0.0340416 0.816858
8 0.0517746 0.602932 0.0149267 0.0298687 0.0675072
8 0.0520916 0.591032 0.0139244 0.0385308 0.05298
8 0.0483302 0.5927 0.0162198 0.0468628 0.0433181
3 0.293435 0.613374 0.125683 0.0526951 0.0335326
8 0.0556374 0.592612 0.0255202 0.0473783 0.0304847
3 0.303439 0.594779 0.138483 0.0679701 0.0285889
3 0.307449 0.586474 0.13901 0.065902 0.0229278
3 0.297925 0.60673 0.131502 0.0582887 0.0115381
3 0.289972 0.620459 0.122034 0.0524602 0.0104186
