3 0.565067 0.575458 0.269852 0.0682724 0.89499
3 0.278441 0.570527 0.140717 0.0488143 0.818519
8 0.0278086 0.32967 0.0481852 0.0351185 0.75685
8 0.0149453 0.559191 0.0298906 0.0144807 0.344678
8 0.0176618 0.559507 0.0353235 0.0145705 0.067108
5 0.448905 0.620458 0.0348418 0.194672 0.0504751
5 0.447268 0.609106 0.0353245 0.180076 0.0443916
8 0.0150385 0.547755 0.030077 0.0366868 0.0255522
5 0.452322 0.650624 0.0323732 0.165406 0.0248527
8 0.0146205 0.559397 0.0288447 0.0140592 0.0184194
8 0.0134042 0.523413 0.0268085 0.092522 0.0166523
5 0.658452 0.643153 0.0477343 0.119329 0.0163443
5 0.450933 0.636924 0.0320245 0.168282 0.0135192
8 0.0143918 0.532758 0.0287836 0.0705063 0.0119193
5 0.453185 0.663443 0.0376468 0.189351 0.0115734
