8 0.923015 0.14611 0.109287 0.066608 0.896538
3 0.460128 0.685028 0.227725 0.0927986 0.845931
5 0.556735 0.679102 0.0333809 0.266389 0.271556
3 0.785592 0.406931 0.110949 0.0506813 0.225139
5 0.370492 0.701427 0.0438776 0.115046 0.123169
5 0.582917 0.765499 0.0981848 0.433205 0.114256
5 0.373113 0.709516 0.0523581 0.136298 0.0686256
5 0.369189 0.694746 0.039006 0.0976297 0.0494789
5 0.556554 0.697152 0.0336996 0.288847 0.0386095
5 0.585228 0.77073 0.0996251 0.429738 0.0192755
5 0.561787 0.681413 0.0578131 0.269807 0.0156357
5 0.375893 0.720743 0.0597889 0.154404 0.0119574
5 0.577007 0.737834 0.0847171 0.375139 0.0107418
