4 0.542312 0.468102 0.105775 0.273563 0.934447
4 0.390061 0.3692 0.0718853 0.191811 0.927224
8 0.276379 0.0504426 0.0518404 0.0865643 0.905476
3 0.551148 0.394463 0.0914238 0.126296 0.2692
3 0.407279 0.342282 0.0530117 0.0679521 0.100221
0 0.513572 0.424295 0.0429058 0.158426 0.0430816
0 0.515785 0.412163 0.0466034 0.104498 0.027759
0 0.515421 0.40775 0.0445493 0.0614155 0.0243418
3 0.403152 0.351523 0.0597984 0.110484 0.0165581
3 0.406261 0.349562 0.0553676 0.0820851 0.0156303
0 0.551148 0.394463 0.0914238 0.126296 0.0124695
0 0.576974 0.429517 0.0228415 0.0432079 0.010626
