4 0.654344 0.627206 0.18461 0.335952 0.941911
4 0.307245 0.547629 0.163577 0.233284 0.939917
8 0.0380431 0.261523 0.0644559 0.0648364 0.882669
3 0.338845 0.516405 0.13497 0.136332 0.47424
0 0.338845 0.516405 0.13497 0.136332 0.395118
3 0.281406 0.383948 0.0868665 0.0486083 0.35649
0 0.725187 0.570326 0.0725759 0.0464941 0.139865
3 0.662062 0.533819 0.210209 0.140846 0.0824837
3 0.725187 0.570326 0.0725759 0.0464941 0.0593714
0 0.219883 0.586881 0.0714914 0.0655022 0.0406646
3 0.303935 0.51478 0.182397 0.175874 0.0349662
0 0.219313 0.61388 0.0684302 0.0328979 0.0220171
