8 0.152747 0.433938 0.110769 0.0718468 0.906699
3 0.567921 0.507569 0.186942 0.0615992 0.860582
3 0.439145 0.499757 0.146158 0.0489746 0.825156
3 0.482641 0.46842 0.105722 0.0407141 0.059416
6 0.695961 0.587141 0.115311 0.425002 0.0265849
7 0.752926 0.56291 0.234123 0.412805 0.0225226
3 0.482973 0.463347 0.108773 0.0371972 0.0164354
3 0.438042 0.500199 0.144259 0.0500226 0.0157291
6 0.694544 0.57587 0.112651 0.39568 0.0122045
7 0.751882 0.544232 0.228598 0.38305 0.0104448
7 0.755698 0.578228 0.237994 0.432772 0.0104428
