4 0.419061 0.643175 0.386082 0.318047 0.96366
8 0.915144 0.0922278 0.0480288 0.0334342 0.817334
3 0.765762 0.520367 0.12902 0.0926413 0.80046
8 0.117613 0.960921 0.193986 0.0289156 0.786851
8 0.28778 0.961212 0.123705 0.0242918 0.549312
8 0.425422 0.960699 0.126268 0.0234628 0.477462
8 0.426285 0.960894 0.122857 0.0232933 0.142459
8 0.356086 0.960377 0.271591 0.0275441 0.0577245
8 0.0506415 0.957599 0.0578343 0.0270609 0.0305363
8 0.258843 0.960778 0.44944 0.0199265 0.0260339
8 0.378583 0.960077 0.225043 0.0257166 0.0187591
