4 0.563308 0.682151 0.370464 0.437761 0.956911
8 0.937213 0.739421 0.0824596 0.0807155 0.90172
8 0.582353 0.0238134 0.135456 0.03453 0.543227
8 0.761503 0.0266715 0.208405 0.0441611 0.475297
8 0.43297 0.0251858 0.136185 0.0354419 0.390728
8 0.581608 0.0240468 0.136417 0.0341084 0.327655
8 0.300095 0.0229144 0.0980801 0.0407859 0.236295
8 0.301124 0.0230977 0.0971967 0.0402596 0.122907
8 0.435336 0.024861 0.365523 0.0275671 0.0476704
8 0.366329 0.0244227 0.230962 0.0377496 0.0364865
8 0.766091 0.0271437 0.201044 0.0418859 0.0245222
8 0.517992 0.0261016 0.534367 0.0294462 0.0121539
8 0.853926 0.0227763 0.0229557 0.0359407 0.0101926
