4 0.524204 0.613629 0.376653 0.324801 0.960064
8 0.309942 0.0732131 0.0512933 0.0338684 0.849967
8 0.317978 0.944309 0.197791 0.0272331 0.548973
8 0.560993 0.942344 0.271232 0.0262425 0.515815
8 0.632889 0.941741 0.122283 0.0216047 0.282592
8 0.491583 0.942341 0.130408 0.0247266 0.112382
8 0.456105 0.94637 0.462975 0.0224213 0.0750201
8 0.649845 0.941624 0.08919 0.0207578 0.0628966
8 0.562154 0.942255 0.268638 0.0253081 0.058549
8 0.489957 0.942723 0.125191 0.0243291 0.0563114
8 0.629403 0.941612 0.129375 0.0224426 0.0375015
8 0.485232 0.943113 0.115325 0.0242029 0.0270865
8 0.247299 0.939823 0.0636755 0.0283718 0.0174695
8 0.243558 0.939648 0.057618 0.0271203 0.0106916
