4 0.406115 0.741647 0.341063 0.470335 0.939251
8 0.950589 0.639113 0.0747531 0.0898225 0.900898
3 0.731862 0.575342 0.115032 0.133641 0.862762
8 0.415663 0.0287053 0.116704 0.038955 0.354332
8 0.302896 0.0267453 0.0834651 0.0436263 0.0979309
8 0.648521 0.0306825 0.298413 0.0437331 0.0809122
8 0.553434 0.0282845 0.128633 0.0392895 0.0762049
8 0.646479 0.0286843 0.29836 0.035801 0.0685178
8 0.371665 0.0255886 0.216947 0.0282517 0.0596498
3 0.328299 0.643493 0.228182 0.15402 0.0466485
3 0.323945 0.64372 0.22262 0.15142 0.0436284
8 0.570697 0.0302755 0.135986 0.0386536 0.0432986
8 0.738315 0.0305433 0.117706 0.0525522 0.0251039
8 0.634616 0.0269948 0.320347 0.0309676 0.0182894
