3 0.452808 0.479052 0.265799 0.103311 0.888695
5 0.573831 0.524737 0.0988405 0.309935 0.815589
5 0.257869 0.654087 0.083428 0.269715 0.806672
8 0.121956 0.0253761 0.0518107 0.0345433 0.800632
3 0.32351 0.532678 0.203965 0.0906446 0.700143
8 0.0730947 0.151062 0.0367081 0.0154785 0.460545
8 0.0729819 0.15024 0.0371308 0.0162725 0.254254
5 0.363316 0.634957 0.0971747 0.322853 0.242296
5 0.260063 0.623704 0.0765587 0.200676 0.0707517
5 0.309416 0.459178 0.145207 0.268099 0.0559239
5 0.260447 0.637627 0.0761532 0.227547 0.0187394
5 0.360565 0.680634 0.0880558 0.21441 0.0161436
5 0.29423 0.385065 0.063939 0.155991 0.0161138
5 0.349857 0.476393 0.116568 0.232133 0.0153009
5 0.358007 0.49883 0.121758 0.251102 0.0152436
5 0.359567 0.671521 0.0849417 0.211758 0.0127894
5 0.362542 0.677171 0.0852579 0.209178 0.0125375
5 0.362342 0.543972 0.131039 0.338726 0.0118802
5 0.292768 0.381318 0.0554156 0.144256 0.0106308
