8 0.937059 0.853375 0.0428908 0.0365268 0.811531
8 0.9786 0.338763 0.0337067 0.186241 0.743956
3 0.412356 0.525131 0.336627 0.130029 0.511018
3 0.416177 0.529143 0.320442 0.12731 0.299572
5 0.532755 0.655629 0.0530067 0.202766 0.21889
5 0.527925 0.688647 0.0618675 0.273726 0.19013
3 0.752621 0.402304 0.103722 0.0708394 0.0902382
5 0.534335 0.63411 0.0493195 0.158268 0.0637292
5 0.536489 0.62243 0.0429814 0.130603 0.0385215
8 0.976575 0.339035 0.0368499 0.185189 0.0172894
5 0.531452 0.667508 0.0542166 0.225662 0.0145207
