3 0.574219 0.535006 0.32347 0.10289 0.843478
3 0.256288 0.445793 0.109976 0.054072 0.831287
5 0.454545 0.693514 0.0752124 0.350541 0.803341
8 0.0337796 0.0911433 0.0485286 0.0423436 0.588122
5 0.700225 0.566281 0.0603902 0.106317 0.249361
8 0.0304798 0.103933 0.0532564 0.0216043 0.204682
5 0.681075 0.615267 0.095758 0.203358 0.0984605
5 0.703354 0.560737 0.0510962 0.0895005 0.0714705
5 0.696728 0.576507 0.070778 0.1332 0.0658981
8 0.0350834 0.0890915 0.0436719 0.0370711 0.032142
8 0.0331609 0.0950393 0.0528512 0.0394278 0.0277965
