8 0.927752 0.355708 0.133428 0.0885867 0.903387
3 0.439363 0.220131 0.255354 0.104622 0.86361
5 0.526988 0.416012 0.159894 0.503998 0.75634
5 0.338673 0.273176 0.0447223 0.147637 0.218871
5 0.339007 0.270661 0.0468496 0.153112 0.169624
5 0.339257 0.28003 0.0505449 0.163001 0.0946264
5 0.337707 0.264759 0.0415604 0.123868 0.0807106
5 0.52477 0.275837 0.118922 0.162837 0.0694775
3 0.615925 0.196551 0.15894 0.0555611 0.064424
5 0.522713 0.298507 0.118504 0.211325 0.0418666
5 0.33626 0.251855 0.0400676 0.102769 0.0193699
