3 0.497119 0.242421 0.280562 0.11035 0.868971
5 0.369931 0.334317 0.183881 0.272205 0.85725
8 0.946382 0.295634 0.0640038 0.0338705 0.804276
8 0.968881 0.424954 0.0622381 0.0836589 0.79602
3 0.736261 0.212408 0.155281 0.0523505 0.210951
5 0.607112 0.245299 0.0575657 0.105651 0.0467975
5 0.605684 0.252216 0.0607999 0.121967 0.0326935
5 0.60813 0.223268 0.051651 0.0615172 0.0312986
5 0.608469 0.237305 0.0539434 0.0894487 0.030512
5 0.604678 0.306683 0.0686833 0.234568 0.0231404
5 0.609838 0.243271 0.0540385 0.104992 0.0180576
3 0.734635 0.201498 0.167727 0.0617767 0.0173195
5 0.606344 0.301009 0.0642096 0.225228 0.0146501
5 0.605785 0.215327 0.0478106 0.0487488 0.0134304
3 0.736017 0.220029 0.154701 0.0588697 0.0129345
5 0.805559 0.308597 0.0364052 0.237376 0.0116682
5 0.612302 0.232372 0.0458884 0.0781114 0.0100654
