8 0.0887756 0.399158 0.0937099 0.06043 0.901245
3 0.337806 0.438268 0.147345 0.0569825 0.849403
3 0.63011 0.577222 0.209759 0.110931 0.835788
5 0.55956 0.539727 0.0765627 0.225157 0.643941
5 0.694482 0.651255 0.0567251 0.131591 0.541953
5 0.338482 0.666204 0.0664069 0.342272 0.182984
5 0.558403 0.541438 0.0731032 0.201556 0.145976
0 0.6817 0.451742 0.146117 0.216496 0.0712117
5 0.55619 0.61543 0.0690342 0.34785 0.0577426
5 0.696415 0.643415 0.0575804 0.127173 0.0384956
5 0.343793 0.678593 0.0536875 0.302792 0.026174
5 0.341429 0.663077 0.0819357 0.34417 0.0255792
5 0.551299 0.651573 0.0731814 0.441676 0.0251865
5 0.557846 0.537061 0.0692425 0.210588 0.0207429
5 0.556549 0.59968 0.0703555 0.317672 0.0197352
5 0.694699 0.641994 0.0520419 0.110852 0.0195254
5 0.695164 0.658642 0.0616366 0.154935 0.0175999
5 0.554415 0.660748 0.0694413 0.40598 0.016654
5 0.695971 0.651816 0.0611285 0.144556 0.0156085
