3 0.494216 0.644506 0.247716 0.110725 0.856194
8 0.14944 0.22165 0.0527632 0.0340447 0.784948
8 0.110958 0.311579 0.0671956 0.0210405 0.732483
5 0.538633 0.705079 0.145899 0.265607 0.34034
5 0.374758 0.649721 0.11294 0.299191 0.247192
5 0.569796 0.672082 0.0882866 0.134723 0.0701045
5 0.565162 0.684758 0.0989108 0.163886 0.0532918
5 0.575284 0.663366 0.0763403 0.117918 0.053101
5 0.396356 0.574997 0.0577956 0.147865 0.0276777
5 0.398637 0.580706 0.0629142 0.157619 0.0200407
5 0.406097 0.574146 0.0609656 0.145674 0.0176056
6 0.647156 0.54499 0.160937 0.281596 0.01407
5 0.406951 0.578926 0.0686115 0.147694 0.0134292
3 0.466454 0.520041 0.150905 0.0466642 0.0134264
5 0.58107 0.654551 0.0643849 0.110331 0.0127906
5 0.558799 0.708418 0.114243 0.210023 0.0124395
5 0.397718 0.635441 0.0814729 0.206267 0.0123273
5 0.400732 0.616517 0.0762697 0.191571 0.0116961
5 0.352904 0.719388 0.15611 0.427831 0.0114372
8 0.11132 0.301604 0.0673777 0.0412868 0.0101547
