4 0.654299 0.549602 0.310891 0.588492 0.890417
8 0.180884 0.367108 0.0748567 0.0546488 0.876807
3 0.385321 0.480335 0.115297 0.0509619 0.832755
3 0.620277 0.601319 0.183681 0.0861471 0.718035
5 0.407993 0.562495 0.054935 0.193006 0.323844
5 0.564111 0.532323 0.0375689 0.125938 0.245794
5 0.559851 0.552656 0.0537099 0.170417 0.234161
5 0.55779 0.559832 0.0577903 0.180971 0.221105
5 0.407636 0.566153 0.0721621 0.21786 0.118662
5 0.562805 0.542383 0.0452455 0.1479 0.0444066
5 0.410634 0.555082 0.0530187 0.183003 0.0342532
5 0.563821 0.52663 0.0333873 0.113961 0.0298639
4 0.652524 0.550471 0.311423 0.608843 0.0193619
5 0.675929 0.668118 0.0688218 0.124186 0.0190479
5 0.39387 0.609679 0.0922638 0.297388 0.0165133
