3 0.580264 0.594867 0.174227 0.118071 0.887521
3 0.398441 0.439108 0.109833 0.052307 0.837756
8 0.315714 0.23203 0.0387301 0.0340855 0.801192
8 0.186837 0.482377 0.0301314 0.0192342 0.725542
5 0.517122 0.573777 0.100669 0.240806 0.609236
5 0.602638 0.697111 0.119101 0.188937 0.5584
5 0.601702 0.700458 0.116054 0.179459 0.415802
5 0.384238 0.565645 0.131688 0.247719 0.40144
5 0.533786 0.518176 0.0565312 0.124812 0.131748
0 0.662355 0.477302 0.164026 0.18215 0.0881585
5 0.398128 0.543532 0.0898076 0.201862 0.0562491
5 0.455836 0.725722 0.210089 0.402837 0.0420601
5 0.397265 0.538612 0.082017 0.186348 0.0138921
