8 0.915579 0.117132 0.109529 0.106207 0.911103
3 0.516557 0.739836 0.264316 0.145685 0.880392
3 0.747375 0.674752 0.165058 0.0995442 0.865305
5 0.40927 0.835986 0.0864043 0.272249 0.803205
5 0.59457 0.817789 0.0871112 0.209035 0.373434
5 0.691283 0.737074 0.0425939 0.16978 0.226169
5 0.691707 0.759333 0.0462835 0.212612 0.156858
5 0.691097 0.721924 0.038284 0.133549 0.0776266
5 0.594727 0.818358 0.081587 0.195883 0.0444657
5 0.6936 0.781797 0.0450847 0.25761 0.0272131
5 0.691233 0.709112 0.0348209 0.104156 0.0116013
5 0.593148 0.819972 0.0872094 0.207518 0.0102426
