3 0.637294 0.635416 0.273153 0.0922102 0.865752
3 0.28612 0.64842 0.167376 0.0807111 0.821922
8 0.0455839 0.841889 0.0452877 0.0337934 0.735576
8 0.038818 0.89605 0.077636 0.0248046 0.704219
3 0.286887 0.648414 0.16868 0.0808899 0.490192
5 0.73356 0.719938 0.0659293 0.184734 0.409555
5 0.733905 0.726304 0.0766684 0.216027 0.370815
5 0.362845 0.683668 0.0625123 0.225034 0.34253
5 0.223069 0.669367 0.033789 0.115021 0.231216
5 0.364835 0.655974 0.0529487 0.160227 0.169276
5 0.733916 0.730146 0.068133 0.203464 0.155868
5 0.221837 0.665192 0.0315175 0.108053 0.130989
5 0.532775 0.599268 0.0517033 0.0672345 0.111005
5 0.364147 0.685406 0.0534757 0.212775 0.101433
5 0.530287 0.599676 0.0496825 0.0718213 0.0812258
8 0.0388759 0.882064 0.0777518 0.0518418 0.0567139
8 0.0403255 0.864908 0.0727177 0.0860735 0.0406424
5 0.364058 0.669589 0.0544238 0.189289 0.0134876
5 0.363819 0.693424 0.0537292 0.208365 0.0132937
5 0.224824 0.684624 0.0394539 0.121015 0.0119041
5 0.366033 0.645934 0.0498156 0.126577 0.0115612
