3 0.445064 0.641649 0.316479 0.093029 0.834719
8 0.0483026 0.522893 0.0966053 0.0770957 0.80245
5 0.313686 0.698324 0.0433001 0.138111 0.49255
8 0.0488832 0.523029 0.0977663 0.0776355 0.323766
5 0.33849 0.655242 0.0999485 0.242855 0.0978919
5 0.313966 0.708475 0.0497576 0.164571 0.0925823
5 0.566914 0.674215 0.130351 0.17667 0.0779343
8 0.0489642 0.549466 0.0979283 0.0248385 0.0557024
5 0.576122 0.649197 0.0745652 0.100711 0.0457855
5 0.574685 0.658264 0.0855744 0.125213 0.036958
5 0.335505 0.666727 0.0967539 0.230971 0.024829
5 0.321485 0.759151 0.0729657 0.287644 0.0237045
5 0.553886 0.674601 0.152988 0.1823 0.0211682
5 0.486083 0.677486 0.0533291 0.164079 0.018862
5 0.586259 0.641959 0.09025 0.110119 0.0175903
5 0.543745 0.773609 0.174504 0.377388 0.0130912
5 0.577703 0.64321 0.0657847 0.0906691 0.0117805
5 0.492003 0.658631 0.0713044 0.161467 0.0109634
5 0.333536 0.692527 0.0924344 0.206187 0.010698
