3 0.616232 0.61194 0.217508 0.0593311 0.861867
3 0.348501 0.631757 0.141817 0.064184 0.779922
8 0.0377245 0.290466 0.0614684 0.022796 0.573389
5 0.68949 0.669994 0.053479 0.130735 0.562262
5 0.408649 0.668082 0.0411376 0.185324 0.430714
5 0.689285 0.663199 0.0492428 0.114323 0.304706
5 0.408543 0.655695 0.0399447 0.162291 0.2154
8 0.0366794 0.268054 0.0619404 0.0673895 0.0722414
8 0.0379771 0.288759 0.0625858 0.0261816 0.0408821
8 0.0373494 0.274174 0.0635736 0.0550905 0.0284235
5 0.538783 0.588382 0.0538899 0.0638855 0.0234592
