3 0.596873 0.571907 0.217755 0.0901117 0.873385
3 0.286208 0.539357 0.161819 0.0610391 0.860694
8 0.836838 0.877637 0.045908 0.0355777 0.805077
8 0.92912 0.885283 0.0384812 0.0680754 0.712436
5 0.694886 0.569911 0.0398585 0.132319 0.526109
1 0.536717 0.325398 0.0584091 0.0388396 0.338282
5 0.353635 0.73419 0.0639493 0.414923 0.328963
8 0.92999 0.885183 0.038647 0.0677724 0.0688033
0 0.536717 0.325398 0.0584091 0.0388396 0.0269045
5 0.697058 0.570781 0.0465618 0.139679 0.0221071
5 0.347921 0.730753 0.0607425 0.407115 0.0199738
5 0.345126 0.58227 0.0299022 0.112488 0.0167372
5 0.34451 0.590892 0.0344577 0.134042 0.0114064
