3 0.573375 0.58749 0.19506 0.106452 0.86034
3 0.350055 0.549043 0.119196 0.0603099 0.804599
8 0.0452113 0.264809 0.0827229 0.0263011 0.732437
8 0.161746 0.13797 0.0331387 0.0364983 0.45764
8 0.161873 0.138146 0.0332025 0.037156 0.229255
8 0.0445272 0.22339 0.0839181 0.111043 0.111314
5 0.489097 0.588386 0.0290543 0.166478 0.102439
5 0.490221 0.601516 0.0325745 0.192545 0.101143
5 0.488092 0.578666 0.0252472 0.138311 0.0428469
5 0.6672 0.609921 0.0697994 0.254225 0.0384021
8 0.0398087 0.266535 0.0747926 0.0238901 0.0232786
8 0.0451307 0.253104 0.0833313 0.0517515 0.01704
