8 0.960115 0.914573 0.0797703 0.0672742 0.89175
3 0.817723 0.433136 0.103188 0.0529675 0.851192
3 0.483507 0.583115 0.288033 0.0972688 0.845302
5 0.351581 0.646392 0.124691 0.315225 0.816606
3 0.769174 0.654045 0.126227 0.0798663 0.741374
5 0.606549 0.567854 0.0374856 0.0666251 0.244258
5 0.719073 0.709225 0.0254914 0.233767 0.154882
5 0.599628 0.616065 0.0463047 0.162739 0.153707
5 0.718316 0.719597 0.0285388 0.280878 0.116542
5 0.598164 0.623618 0.0472889 0.177038 0.0652261
5 0.590892 0.695464 0.0659533 0.317524 0.0539312
3 0.768669 0.663696 0.127379 0.125273 0.0284284
5 0.590107 0.695208 0.0596064 0.211929 0.021734
5 0.590187 0.707836 0.0678152 0.339864 0.0216947
5 0.718359 0.706618 0.0269777 0.240525 0.0192256
5 0.717777 0.732302 0.0274598 0.287517 0.0115666
5 0.71677 0.660524 0.0248365 0.146254 0.0112762
5 0.59135 0.676004 0.0597345 0.174979 0.0110585
5 0.606421 0.565477 0.0349898 0.064803 0.0101601
