8 0.939558 0.631429 0.0588813 0.0538512 0.882543
3 0.450935 0.45577 0.186906 0.0798885 0.847656
3 0.635622 0.311676 0.0677921 0.0442369 0.716307
3 0.667495 0.503121 0.0997274 0.0590743 0.453102
5 0.380732 0.510786 0.0875652 0.21205 0.130773
5 0.383295 0.491534 0.0624896 0.131726 0.0698817
5 0.39093 0.527854 0.0599345 0.165509 0.0451038
5 0.393333 0.537632 0.0608976 0.176439 0.0360426
5 0.385756 0.497027 0.0614749 0.137559 0.0287296
3 0.667401 0.50451 0.0986839 0.0575355 0.0278347
5 0.387862 0.511917 0.0610947 0.151944 0.0233891
5 0.528886 0.428908 0.0255156 0.0598205 0.021553
5 0.373843 0.490074 0.100436 0.215522 0.0201914
5 0.639835 0.539279 0.0571587 0.165515 0.0148613
5 0.377523 0.500582 0.0933222 0.216485 0.0114169
5 0.529567 0.434731 0.0270506 0.0562641 0.011378
5 0.529017 0.45621 0.0308551 0.0830232 0.0108229
