8 0.862089 0.866503 0.0903292 0.0758015 0.906147
3 0.517252 0.513876 0.248483 0.152361 0.421011
3 0.517429 0.548854 0.249233 0.216192 0.309834
3 0.518062 0.527759 0.247702 0.181381 0.123903
3 0.5165 0.500869 0.24518 0.11947 0.102518
5 0.608628 0.573738 0.0554384 0.265072 0.0824623
7 0.652132 0.481853 0.1523 0.454333 0.0310051
7 0.654362 0.550039 0.155707 0.349031 0.0302986
3 0.507999 0.492852 0.229046 0.103368 0.0298365
5 0.602715 0.604265 0.0507256 0.202339 0.0248375
3 0.513219 0.492604 0.238785 0.102229 0.0228453
3 0.503501 0.482065 0.222337 0.0848214 0.0144747
5 0.603267 0.59172 0.048644 0.172486 0.0122279
