8 0.945359 0.919268 0.0624184 0.0736344 0.911353
3 0.645557 0.633492 0.151215 0.111588 0.792109
0 0.628748 0.549168 0.228475 0.265423 0.529765
5 0.697795 0.698789 0.0250487 0.172284 0.347798
5 0.698461 0.688941 0.023181 0.147573 0.0879879
5 0.69754 0.717771 0.0259773 0.204201 0.0859037
5 0.592959 0.709805 0.0302055 0.180759 0.0553783
5 0.593709 0.73822 0.0331596 0.23427 0.0529765
3 0.646089 0.650603 0.143446 0.103029 0.029557
0 0.627657 0.551763 0.225657 0.274735 0.0286431
5 0.700082 0.695641 0.0311732 0.187178 0.019837
3 0.643225 0.583836 0.183971 0.170959 0.0179781
5 0.591974 0.694513 0.0274854 0.142197 0.0179451
3 0.64477 0.591913 0.177212 0.172306 0.0108433
5 0.593966 0.763688 0.0358874 0.293632 0.0104233
