8 0.0523761 0.0810368 0.104752 0.0802668 0.85735
8 0.0935755 0.20703 0.0505183 0.0347477 0.751135
3 0.561667 0.543805 0.386916 0.208816 0.601822
5 0.426283 0.634086 0.105992 0.275778 0.350303
3 0.558303 0.539956 0.384486 0.180859 0.153425
3 0.559665 0.549742 0.380504 0.180503 0.0721768
5 0.421585 0.577275 0.0916515 0.164254 0.0583138
3 0.560848 0.55651 0.375072 0.171933 0.0299901
3 0.556906 0.526249 0.387453 0.18191 0.021474
3 0.562049 0.562753 0.368208 0.159223 0.0158152
5 0.420787 0.676426 0.115721 0.361828 0.0135013
