3 0.446838 0.543674 0.207022 0.124894 0.898106
8 0.968186 0.307856 0.0556217 0.0608197 0.86451
5 0.676919 0.546922 0.0855868 0.29813 0.795602
8 0.93971 0.0867323 0.0575871 0.0335059 0.619241
5 0.527796 0.574762 0.0466851 0.211968 0.36995
3 0.740626 0.547159 0.174072 0.0871191 0.358452
3 0.739882 0.545185 0.174601 0.0863337 0.31978
5 0.812733 0.589277 0.0626022 0.21015 0.208053
8 0.939721 0.0868274 0.0581053 0.0337545 0.18136
5 0.526862 0.570662 0.0444145 0.198984 0.174187
5 0.52897 0.564642 0.0412931 0.185614 0.07067
5 0.823269 0.718593 0.0696993 0.477118 0.0447486
5 0.81428 0.596511 0.0668582 0.238516 0.0299103
5 0.670409 0.571603 0.0689548 0.19711 0.0197319
5 0.527127 0.580685 0.0467304 0.221635 0.0179017
8 0.9786 0.130182 0.0334233 0.0226266 0.0111353
