8 0.919902 0.0876182 0.0820564 0.034322 0.821001
5 0.633316 0.644396 0.141346 0.3972 0.80075
8 0.975572 0.479885 0.0385409 0.0559871 0.710283
3 0.523104 0.605908 0.246596 0.107453 0.674575
3 0.565545 0.620424 0.250468 0.0753559 0.483544
5 0.647824 0.723702 0.0876753 0.278359 0.276222
5 0.6554 0.674044 0.0740824 0.2202 0.193817
3 0.498875 0.593104 0.197431 0.0889381 0.0435193
5 0.645181 0.735309 0.0740683 0.229797 0.0330834
5 0.510917 0.650299 0.224965 0.39283 0.0301357
5 0.641944 0.746466 0.0714783 0.249966 0.0158926
5 0.439525 0.611986 0.068089 0.129154 0.0157952
5 0.441685 0.626462 0.0713303 0.16272 0.0120814
5 0.647809 0.716916 0.0731335 0.195803 0.011485
5 0.654509 0.715955 0.0875029 0.299544 0.0111742
5 0.639511 0.657154 0.119336 0.41545 0.0105235
