3 0.587033 0.73859 0.359381 0.159549 0.902087
3 0.159149 0.608045 0.108151 0.0989023 0.877612
5 0.728136 0.842511 0.0596697 0.255239 0.812953
8 0.0587935 0.868002 0.026803 0.0361388 0.775866
5 0.462722 0.868017 0.0674833 0.181481 0.612298
8 0.0287482 0.905914 0.0540731 0.100111 0.266693
8 0.030318 0.945377 0.0519537 0.0225575 0.25121
5 0.458608 0.854669 0.0785747 0.215656 0.141215
5 0.726772 0.838969 0.053199 0.233398 0.100632
8 0.0288535 0.916751 0.0536938 0.0765392 0.0575251
8 0.0291839 0.920273 0.0538034 0.0690387 0.0357192
5 0.728154 0.843531 0.0590688 0.256486 0.0315793
8 0.0296973 0.944933 0.0522288 0.0223312 0.0308523
8 0.0296399 0.932967 0.0541717 0.04589 0.0209889
