3 0.504705 0.679918 0.458669 0.134609 0.867624
8 0.0729852 0.72771 0.0475295 0.0334071 0.788095
5 0.391148 0.818944 0.136081 0.24343 0.742533
8 0.016846 0.962656 0.033692 0.0173095 0.222395
8 0.0172732 0.963344 0.0310196 0.0152787 0.205195
5 0.390649 0.80598 0.130966 0.210545 0.0530571
5 0.391989 0.759827 0.125803 0.11521 0.0419823
5 0.39834 0.810129 0.11759 0.216359 0.0383917
8 0.0194085 0.962722 0.0354502 0.0177773 0.0291787
5 0.689031 0.678953 0.0768544 0.0883213 0.0193845
5 0.692017 0.682073 0.0701079 0.0887531 0.0189426
8 0.0196679 0.963467 0.0331749 0.0158319 0.0125347
5 0.697458 0.685576 0.0574328 0.0940018 0.0100709
