3 0.463655 0.604323 0.303352 0.0765079 0.864374
8 0.937461 0.719575 0.104714 0.069669 0.855809
8 0.911515 0.818741 0.0780735 0.0349775 0.819306
5 0.607875 0.627716 0.0871929 0.263128 0.629988
5 0.337303 0.626371 0.0486124 0.150275 0.38165
5 0.33587 0.616812 0.0433476 0.117147 0.298109
5 0.609581 0.630357 0.0821951 0.269206 0.0544859
5 0.607469 0.64288 0.0837002 0.282093 0.022631
5 0.611154 0.611151 0.0768522 0.220423 0.0211715
8 0.937204 0.817294 0.125593 0.0448647 0.0111882
5 0.60434 0.636594 0.0746808 0.254291 0.0111269
