3 0.407308 0.521687 0.293287 0.0793398 0.848909
5 0.30618 0.583912 0.0854247 0.184861 0.791893
8 0.0320236 0.0544616 0.0563433 0.0361213 0.568939
5 0.554773 0.612609 0.0458132 0.200517 0.484986
8 0.0452681 0.0622358 0.0873049 0.0621687 0.28995
8 0.0469541 0.0833568 0.0876138 0.0209839 0.228088
5 0.554264 0.61037 0.0458445 0.195839 0.117258
8 0.042631 0.063703 0.0807967 0.05959 0.0619542
5 0.555595 0.613146 0.047423 0.201903 0.0308717
8 0.0466083 0.0856976 0.0860634 0.019316 0.0202084
5 0.515606 0.47343 0.0580533 0.111148 0.0186776
8 0.0483821 0.0631128 0.087791 0.0603102 0.0148854
