3 0.549116 0.577261 0.233768 0.131172 0.874123
3 0.289813 0.515104 0.145904 0.0862275 0.859544
5 0.665556 0.628547 0.090948 0.353887 0.785475
8 0.0815882 0.428614 0.0553675 0.0187902 0.693217
8 0.0753569 0.39048 0.0307562 0.0319632 0.676599
5 0.442583 0.579956 0.0440443 0.170594 0.524023
8 0.0812825 0.40036 0.0561754 0.0752191 0.058497
5 0.441477 0.551903 0.0399136 0.109429 0.0402369
3 0.549057 0.576879 0.233471 0.132065 0.0275735
5 0.451613 0.646089 0.0633806 0.314611 0.0111737
8 0.0807886 0.404185 0.0498956 0.0645278 0.0108338
