3 0.487488 0.632735 0.170052 0.100484 0.849985
8 0.125769 0.720962 0.0356428 0.0332446 0.814202
5 0.410375 0.753443 0.0602822 0.437733 0.792986
8 0.117266 0.225195 0.0471051 0.0271875 0.768322
3 0.245869 0.641804 0.0934647 0.0666714 0.460452
5 0.569952 0.624406 0.0674619 0.218636 0.379128
5 0.561064 0.631899 0.0439604 0.185499 0.0340467
5 0.555366 0.648421 0.0341218 0.140473 0.0303663
5 0.573724 0.580554 0.0471433 0.1276 0.0249576
5 0.409191 0.711951 0.0599828 0.355169 0.0211438
3 0.246635 0.62934 0.0929639 0.0660397 0.0193833
5 0.55476 0.649705 0.0370785 0.164568 0.0171138
5 0.558081 0.637339 0.0430744 0.194567 0.0151597
5 0.572972 0.597876 0.0531451 0.173406 0.0132466
5 0.409763 0.677801 0.0527029 0.226996 0.0107275
5 0.576187 0.586273 0.0558685 0.149657 0.0106988
