3 0.590076 0.673722 0.214826 0.0959468 0.875983
8 0.158727 0.93918 0.0338256 0.0373958 0.777391
8 0.0587792 0.917992 0.0291891 0.0179731 0.615216
3 0.295645 0.814277 0.125756 0.0792869 0.394157
3 0.294987 0.657177 0.140523 0.0705964 0.0764058
3 0.295193 0.649282 0.141021 0.0647628 0.0611078
3 0.294698 0.665681 0.139655 0.073632 0.0380603
3 0.293443 0.70141 0.13127 0.0840867 0.0344423
8 0.0582677 0.902735 0.031466 0.0426332 0.0211554
8 0.0586068 0.912912 0.0308169 0.0275087 0.0205736
3 0.294371 0.681309 0.137117 0.0780473 0.0175001
