3 0.604887 0.753034 0.239598 0.12265 0.859205
3 0.311658 0.734937 0.130443 0.0779306 0.842559
8 0.0811066 0.121628 0.0307769 0.0344994 0.776415
5 0.70167 0.795584 0.0563636 0.265823 0.589577
8 0.046124 0.369777 0.0610696 0.0345463 0.372814
5 0.515772 0.815053 0.0598391 0.244774 0.31714
5 0.701345 0.80975 0.0505196 0.184044 0.238201
8 0.0463056 0.374725 0.0607733 0.0241973 0.228847
5 0.513703 0.794669 0.0492476 0.191274 0.119641
8 0.0459254 0.364113 0.0621342 0.0452846 0.118138
5 0.702068 0.79875 0.0492341 0.164599 0.0917407
8 0.0468555 0.34099 0.0619652 0.0922286 0.0914309
8 0.0465021 0.347898 0.0625443 0.0781822 0.0484562
5 0.517842 0.838753 0.0537 0.194792 0.0200617
