3 0.444314 0.601562 0.314657 0.147293 0.855847
8 0.846256 0.843682 0.0514976 0.0352611 0.822875
5 0.526799 0.683574 0.098001 0.156092 0.280389
5 0.511255 0.7203 0.141901 0.239108 0.230496
5 0.318093 0.636107 0.0436078 0.134676 0.187718
5 0.530062 0.671841 0.0824189 0.121335 0.0557032
5 0.520898 0.703772 0.115964 0.198257 0.0514616
5 0.3196 0.651464 0.0386529 0.144143 0.0372155
5 0.317937 0.627418 0.0431172 0.116545 0.0354955
5 0.53031 0.672539 0.091049 0.132743 0.0341281
5 0.318743 0.643083 0.0409292 0.147142 0.0281749
5 0.320594 0.663593 0.0397215 0.136812 0.0233735
5 0.537508 0.660396 0.0741526 0.109162 0.0197168
