8 0.860888 0.0890219 0.121653 0.0904598 0.892741
3 0.448596 0.529395 0.323078 0.134864 0.83373
4 0.34763 0.464468 0.349245 0.296432 0.781424
5 0.416916 0.657199 0.171567 0.249597 0.770821
5 0.604617 0.589612 0.0369276 0.224485 0.0283827
5 0.606447 0.627066 0.0443167 0.290292 0.0238194
5 0.605471 0.612825 0.0414367 0.275146 0.0217178
5 0.424386 0.659523 0.138584 0.223182 0.0206542
5 0.608781 0.614328 0.0567206 0.279405 0.0191639
5 0.419935 0.652741 0.142998 0.214879 0.0178215
5 0.60513 0.602028 0.0391729 0.248955 0.0154649
5 0.610158 0.620622 0.058593 0.290574 0.0143054
3 0.473105 0.570755 0.236579 0.086834 0.0124564
3 0.477671 0.561362 0.259648 0.0996414 0.010499
