3 0.542719 0.619356 0.285379 0.141698 0.790946
8 0.0237291 0.0866337 0.0326367 0.0346043 0.758259
5 0.475837 0.739318 0.186962 0.405595 0.661811
3 0.424712 0.627874 0.211538 0.133856 0.427723
5 0.381336 0.769595 0.0975757 0.28984 0.335319
3 0.398564 0.620899 0.158174 0.113275 0.238391
5 0.389829 0.804408 0.107251 0.366475 0.0484006
5 0.661932 0.737286 0.0536989 0.336113 0.0361251
5 0.668987 0.713715 0.0337223 0.232434 0.0322439
5 0.370685 0.744473 0.0706465 0.233736 0.0259465
5 0.64687 0.565959 0.0376128 0.06082 0.0187601
5 0.649731 0.572657 0.0402728 0.0610756 0.0166703
5 0.669803 0.725209 0.0346923 0.260621 0.0146488
5 0.667739 0.69353 0.0318304 0.193004 0.0144784
