3 0.495973 0.478418 0.196746 0.114794 0.844079
8 0.0624606 0.479654 0.0283324 0.0340019 0.789446
8 0.0294381 0.105807 0.0588762 0.0904643 0.773599
5 0.433302 0.55171 0.097743 0.243165 0.12456
8 0.0303928 0.140362 0.0564985 0.0207986 0.0409746
5 0.580976 0.576525 0.0221162 0.234006 0.0291639
5 0.581107 0.588838 0.021979 0.265473 0.0254694
5 0.576529 0.661708 0.0361644 0.397491 0.0250604
5 0.451705 0.66952 0.128251 0.466418 0.0245688
8 0.030169 0.140838 0.0548739 0.0190362 0.0180392
5 0.434744 0.562213 0.074059 0.217986 0.0172734
