3 0.58027 0.544549 0.196868 0.075172 0.863933
8 0.05283 0.345777 0.0584344 0.0600627 0.833968
8 0.0751252 0.316572 0.0326582 0.0333138 0.784759
3 0.367707 0.548312 0.127976 0.0713334 0.497718
5 0.652206 0.637759 0.038881 0.183311 0.177507
5 0.658436 0.599856 0.0521872 0.234561 0.0933093
5 0.651727 0.626067 0.0345746 0.152484 0.0806376
5 0.66059 0.603967 0.0579793 0.240197 0.0699354
3 0.372141 0.628115 0.105209 0.0699052 0.0624647
3 0.367197 0.564205 0.121367 0.0684682 0.0506347
5 0.415817 0.616828 0.0307251 0.158596 0.0293204
3 0.370581 0.622494 0.107591 0.0749522 0.0274137
5 0.543153 0.675822 0.0746637 0.242921 0.0253431
3 0.367436 0.576784 0.11783 0.0658405 0.0144098
5 0.417311 0.616759 0.0386796 0.183194 0.0106682
