3 0.56342 0.535286 0.204498 0.0745153 0.88422
8 0.133202 0.553592 0.0855096 0.0753001 0.879397
3 0.431662 0.543304 0.172159 0.0902576 0.84742
5 0.370441 0.632504 0.0454933 0.216732 0.396895
5 0.613031 0.480493 0.0472493 0.120469 0.288741
5 0.48259 0.539217 0.0666768 0.353999 0.130198
5 0.369893 0.634942 0.045596 0.218354 0.118293
5 0.374324 0.561967 0.0570959 0.337971 0.11649
5 0.371514 0.633959 0.0465185 0.224981 0.0931286
5 0.369705 0.626149 0.0434023 0.202402 0.0610579
5 0.46761 0.453583 0.0538127 0.190122 0.0431139
5 0.615526 0.485948 0.055331 0.12573 0.040609
5 0.373446 0.569599 0.0560558 0.335896 0.0339893
5 0.482928 0.498266 0.0538033 0.11831 0.028609
5 0.501676 0.589426 0.0880914 0.407088 0.0276666
5 0.482731 0.479962 0.0526111 0.135612 0.0239459
5 0.472937 0.463488 0.0481206 0.178728 0.0100188
