8 0.0630949 0.60677 0.0814426 0.0785535 0.900152
3 0.314099 0.712997 0.176266 0.106056 0.851171
3 0.586943 0.705193 0.208579 0.111168 0.838728
5 0.249389 0.790734 0.0638124 0.3602 0.809729
5 0.511259 0.755473 0.0582451 0.309857 0.764498
5 0.677232 0.745934 0.052203 0.297987 0.670944
5 0.375612 0.692026 0.067743 0.237605 0.667889
5 0.376077 0.699558 0.0643967 0.221904 0.517095
5 0.675536 0.746364 0.0513661 0.296905 0.287732
5 0.51076 0.778754 0.0528208 0.242498 0.0114426
5 0.676235 0.735516 0.0501653 0.274652 0.011238
