8 0.049196 0.206235 0.0722089 0.0605621 0.874702
3 0.546854 0.479005 0.276372 0.120313 0.86706
3 0.180655 0.331532 0.111598 0.0513942 0.860749
5 0.673845 0.488645 0.101536 0.216796 0.629525
5 0.671439 0.485657 0.0948395 0.208815 0.243376
5 0.451167 0.581255 0.0484036 0.24502 0.205891
5 0.448932 0.585653 0.0579405 0.242626 0.172818
5 0.445753 0.552795 0.0478061 0.176852 0.0819245
5 0.44904 0.586478 0.0569382 0.243606 0.0581488
5 0.167279 0.445576 0.0566438 0.154245 0.0497913
3 0.257437 0.400961 0.230873 0.0623266 0.027561
5 0.443859 0.526374 0.0400453 0.122676 0.0247514
