3 0.573076 0.776223 0.223318 0.13564 0.887227
8 0.0623102 0.720032 0.031676 0.0347469 0.751398
8 0.0188895 0.756634 0.0337577 0.01931 0.699431
3 0.263098 0.740959 0.13774 0.0651443 0.596709
5 0.663483 0.833947 0.039512 0.273697 0.167997
5 0.662832 0.833917 0.0324998 0.228076 0.165888
5 0.488208 0.831825 0.0673635 0.306797 0.0377929
5 0.467597 0.734275 0.0232925 0.112507 0.0319222
5 0.660252 0.874914 0.0323314 0.182543 0.0285555
8 0.0193245 0.720726 0.0347909 0.0900702 0.0191734
5 0.660802 0.864337 0.0313399 0.207553 0.0174742
5 0.663685 0.818359 0.031644 0.193115 0.0156156
5 0.466898 0.728884 0.0208562 0.0979109 0.0132233
8 0.0187069 0.732639 0.0365914 0.0712103 0.0121129
5 0.661993 0.851992 0.0324547 0.241795 0.0103607
