8 0.0435806 0.471795 0.0591171 0.0689741 0.88275
3 0.536997 0.790606 0.134204 0.106026 0.846452
3 0.323242 0.650619 0.100103 0.0584212 0.829587
5 0.593641 0.825459 0.0214367 0.269971 0.301551
5 0.356646 0.687834 0.0228905 0.102895 0.152793
5 0.357592 0.6799 0.0197452 0.0791026 0.149068
5 0.484294 0.79531 0.0251847 0.189225 0.147979
5 0.483652 0.788957 0.0271902 0.23624 0.135255
5 0.482286 0.787336 0.0269254 0.236611 0.104956
5 0.484633 0.803706 0.0258295 0.179795 0.0901991
5 0.592725 0.847668 0.0217989 0.299242 0.0869431
5 0.590705 0.840155 0.0209357 0.262541 0.0589264
5 0.485492 0.83694 0.0274798 0.130356 0.0242263
5 0.483725 0.786622 0.0244038 0.1935 0.0205605
5 0.589513 0.843483 0.0190436 0.226121 0.0157989
5 0.483087 0.79122 0.0288168 0.216633 0.014265
5 0.59297 0.833385 0.0209965 0.292878 0.0119845
