3 0.479342 0.644601 0.12892 0.0766333 0.778951
8 0.0353023 0.467187 0.0439616 0.0333442 0.745988
8 0.0172481 0.505014 0.0344962 0.0142417 0.595417
5 0.544793 0.693394 0.0481843 0.359758 0.564179
8 0.0232236 0.480745 0.0464471 0.0645287 0.130469
5 0.429864 0.664787 0.0319853 0.343334 0.121192
3 0.501521 0.504196 0.13594 0.0480545 0.113603
5 0.541038 0.697195 0.0336733 0.280761 0.0702522
5 0.551362 0.694327 0.0555674 0.361705 0.0679441
5 0.427328 0.694838 0.0257176 0.243304 0.0536908
5 0.42737 0.668084 0.0232667 0.192982 0.039742
5 0.427207 0.711893 0.0278023 0.257639 0.034952
8 0.037319 0.479285 0.074638 0.0655935 0.0337281
5 0.427323 0.655921 0.0246197 0.218344 0.033332
5 0.427817 0.664884 0.0240236 0.207337 0.0215784
5 0.54523 0.688147 0.0495726 0.354543 0.0211231
5 0.427911 0.657376 0.022519 0.153335 0.0173199
5 0.430883 0.656477 0.0352802 0.340635 0.0136234
5 0.541463 0.672349 0.0297859 0.252126 0.0104821
