8 0.871003 0.954717 0.110356 0.0680102 0.89679
3 0.81488 0.406607 0.120851 0.062979 0.878528
3 0.384557 0.478987 0.374496 0.0957039 0.876144
5 0.496533 0.563046 0.11251 0.127886 0.655243
5 0.219107 0.519978 0.0311252 0.183447 0.155236
5 0.218427 0.550287 0.0315281 0.232954 0.041261
5 0.215547 0.527375 0.0307312 0.19996 0.0346629
5 0.217254 0.579414 0.0363578 0.285389 0.0330093
5 0.219355 0.51012 0.030231 0.155627 0.0280508
5 0.218461 0.516728 0.0328397 0.173673 0.0254057
5 0.21648 0.514259 0.0283661 0.161699 0.0151427
5 0.218045 0.571326 0.0333131 0.268123 0.0125316
