5 0.636592 0.546252 0.141039 0.318995 0.884636
3 0.506378 0.479194 0.258876 0.108712 0.868472
8 0.0773499 0.171736 0.0637124 0.0393429 0.829472
3 0.253732 0.488768 0.159454 0.112133 0.816783
3 0.227177 0.286533 0.112462 0.0539366 0.802709
8 0.0773305 0.0223799 0.0425189 0.0348275 0.765848
5 0.189733 0.533608 0.0361738 0.224609 0.489402
5 0.189383 0.538152 0.0448782 0.228153 0.3179
5 0.397422 0.442131 0.0363581 0.0536692 0.132528
5 0.397768 0.439184 0.035476 0.0531564 0.10582
5 0.318174 0.580796 0.0366683 0.300027 0.0887653
5 0.320206 0.596813 0.027893 0.262216 0.0870166
5 0.320371 0.572081 0.0224424 0.217346 0.0625563
5 0.320449 0.582031 0.0250048 0.237764 0.052042
5 0.319344 0.61166 0.0312588 0.283851 0.0247596
5 0.320023 0.559778 0.0207254 0.195523 0.0204819
5 0.398095 0.448294 0.037216 0.0616105 0.0108981
5 0.398646 0.464196 0.0380191 0.0951633 0.0108852
