8 0.0905262 0.443564 0.0833614 0.0700433 0.86235
3 0.568844 0.517463 0.346214 0.105468 0.84385
5 0.405598 0.601181 0.0728089 0.364882 0.704649
5 0.674525 0.464056 0.0833497 0.0930017 0.324648
5 0.663826 0.461771 0.0564228 0.0893599 0.223429
5 0.685978 0.590784 0.0871928 0.184098 0.20769
5 0.686523 0.576274 0.0811566 0.150439 0.18029
5 0.421486 0.639382 0.0467885 0.300458 0.0575434
5 0.682441 0.54948 0.0994129 0.229856 0.0565346
5 0.68829 0.565911 0.0750502 0.126725 0.0238475
5 0.680745 0.591528 0.0958652 0.198641 0.0141583
