8 0.153717 0.595144 0.0816204 0.0598631 0.859875
3 0.554194 0.614451 0.29828 0.0936667 0.8064
5 0.408347 0.696365 0.060433 0.260973 0.62498
5 0.407779 0.690011 0.0528831 0.22054 0.450706
3 0.462001 0.63314 0.153788 0.0786383 0.399826
5 0.662195 0.623458 0.0762047 0.166693 0.299994
5 0.484798 0.735268 0.167373 0.344508 0.225042
5 0.659297 0.625764 0.0815429 0.179548 0.178504
5 0.659589 0.572421 0.0719512 0.056567 0.119036
5 0.65628 0.571872 0.0650666 0.0606139 0.117562
5 0.651998 0.569413 0.0549296 0.0539719 0.0592412
5 0.481368 0.659568 0.103993 0.173695 0.0452978
5 0.660122 0.62909 0.0809237 0.184142 0.0214535
5 0.492908 0.682768 0.092101 0.212642 0.0151298
5 0.681052 0.659108 0.0350796 0.151852 0.0148417
5 0.46229 0.646491 0.141949 0.145751 0.0118401
