8 0.0496939 0.106771 0.0993877 0.1277 0.914058
3 0.505993 0.670258 0.261153 0.272022 0.229611
5 0.421792 0.751631 0.116025 0.449978 0.124273
3 0.516365 0.670319 0.237141 0.259891 0.106508
3 0.507152 0.634837 0.258078 0.153617 0.0841099
5 0.417935 0.70029 0.108359 0.350236 0.0718733
5 0.415214 0.706084 0.106806 0.359078 0.0615146
3 0.506451 0.66365 0.256041 0.221584 0.0257911
3 0.540579 0.678345 0.185996 0.264577 0.0157454
5 0.512659 0.671262 0.111294 0.237302 0.0118637
7 0.270041 0.386798 0.241409 0.423295 0.0107227
3 0.417935 0.70029 0.108359 0.350236 0.0101177
