8 0.941421 0.767549 0.0752514 0.122722 0.900672
3 0.498718 0.613509 0.21574 0.143531 0.869269
8 0.832458 0.159722 0.0397607 0.0350234 0.826347
3 0.733439 0.578534 0.121695 0.0747474 0.809205
5 0.400975 0.611807 0.0758231 0.236188 0.702683
5 0.5841 0.739045 0.0430194 0.252252 0.687405
5 0.782106 0.665745 0.034964 0.281303 0.56889
5 0.386551 0.55145 0.044391 0.113722 0.229509
5 0.685336 0.639114 0.0279957 0.252877 0.114314
5 0.780921 0.675197 0.0308441 0.226193 0.0973464
5 0.685297 0.617148 0.0271348 0.21021 0.0937719
5 0.682103 0.661085 0.0203881 0.202809 0.0872695
5 0.387851 0.555764 0.0462083 0.119468 0.0766639
5 0.418844 0.65455 0.0405055 0.141127 0.0714109
5 0.583303 0.72574 0.0394227 0.20953 0.0465717
5 0.780883 0.650084 0.0315871 0.221841 0.0360061
5 0.687935 0.625463 0.0347488 0.223785 0.0348432
5 0.685083 0.591604 0.0255636 0.153357 0.0298235
5 0.679894 0.655519 0.0192418 0.19062 0.0221984
5 0.583709 0.717993 0.0388868 0.208962 0.0215365
5 0.682867 0.638953 0.0221693 0.263138 0.0192292
0 0.443309 0.507827 0.149364 0.154651 0.0185926
5 0.688811 0.651969 0.0327586 0.271365 0.017726
0 0.477944 0.6075 0.218141 0.26561 0.0144544
5 0.682071 0.6344 0.0193402 0.190373 0.0138514
5 0.416528 0.644483 0.0426915 0.151528 0.0123476
5 0.387106 0.557092 0.0483222 0.126499 0.0120183
