3 0.483747 0.456803 0.222431 0.10689 0.867528
8 0.900963 0.176856 0.0552332 0.0325972 0.846522
8 0.953852 0.233538 0.0511356 0.0542294 0.82557
3 0.742276 0.448569 0.131977 0.0493595 0.818241
5 0.679568 0.543351 0.0434004 0.291185 0.643463
5 0.386109 0.466485 0.0522518 0.183813 0.638326
5 0.79318 0.504617 0.0492624 0.175124 0.62909
5 0.558148 0.54885 0.0676412 0.16749 0.577945
5 0.681769 0.477271 0.0399621 0.164274 0.0672001
5 0.378657 0.4151 0.0343616 0.0786221 0.0278662
5 0.385303 0.466229 0.0549664 0.19034 0.0246041
5 0.381123 0.421398 0.0385953 0.0940572 0.0225783
5 0.681123 0.50847 0.0407353 0.229108 0.0224843
5 0.791281 0.508992 0.0454279 0.186396 0.0103031
