8 0.144325 0.228435 0.0893879 0.097162 0.909145
3 0.614285 0.651834 0.170762 0.150181 0.896771
3 0.411227 0.56717 0.132341 0.0751625 0.843712
5 0.537636 0.705211 0.024758 0.25287 0.243982
5 0.441485 0.634908 0.0592576 0.123755 0.218065
5 0.67666 0.706872 0.0547129 0.179456 0.136019
5 0.415222 0.741181 0.115714 0.347023 0.0816314
5 0.537101 0.71386 0.0199384 0.216623 0.0627113
5 0.329048 0.651725 0.0509958 0.194898 0.0620547
5 0.673249 0.722509 0.0678821 0.228263 0.0490668
5 0.537115 0.720621 0.0205357 0.21726 0.044335
5 0.537048 0.696746 0.0195271 0.190071 0.0315035
5 0.661349 0.764502 0.0920315 0.311075 0.0279733
5 0.318369 0.711038 0.0815421 0.327144 0.0208252
5 0.537027 0.728026 0.0212076 0.213579 0.0171036
8 0.144377 0.228164 0.0890362 0.0976803 0.0164151
5 0.324604 0.682843 0.0687918 0.269304 0.0148481
5 0.537076 0.707117 0.0196686 0.20361 0.013991
