3 0.535087 0.565681 0.214713 0.088224 0.86806
3 0.298445 0.556477 0.148982 0.0682284 0.867691
8 0.0832672 0.250428 0.0335865 0.0333755 0.806867
5 0.350206 0.607821 0.0505307 0.174708 0.705906
8 0.0338048 0.409637 0.0508074 0.0190179 0.687187
5 0.620019 0.618185 0.0455022 0.16098 0.669072
5 0.443098 0.587239 0.0357354 0.144016 0.412776
5 0.444124 0.610082 0.0401799 0.192069 0.042089
5 0.346081 0.703693 0.0589343 0.369828 0.0391836
5 0.444474 0.617972 0.0421203 0.208737 0.030284
5 0.34462 0.712103 0.0603998 0.379596 0.0268344
5 0.235004 0.589083 0.01446 0.0865442 0.0254544
8 0.0337794 0.374871 0.05257 0.0881932 0.0242246
5 0.234379 0.578385 0.0133122 0.0693832 0.016686
8 0.0338318 0.384265 0.0548869 0.0712004 0.0140844
8 0.033909 0.398844 0.0532758 0.0398594 0.0107415
