3 0.64333 0.564445 0.186892 0.0744785 0.829517
8 0.907063 0.359043 0.0621247 0.0339629 0.824911
5 0.578089 0.613973 0.0728451 0.257848 0.533315
3 0.656313 0.475762 0.223299 0.0660992 0.401127
5 0.576381 0.599698 0.0650684 0.214231 0.20918
3 0.65523 0.476146 0.223582 0.06616 0.0445917
5 0.578216 0.617225 0.0707597 0.261179 0.0432267
5 0.576518 0.577255 0.065402 0.172197 0.0383399
5 0.579309 0.648225 0.0625024 0.194761 0.0290889
6 0.501545 0.569986 0.204751 0.370946 0.0237921
5 0.574995 0.562246 0.0619819 0.138223 0.0121457
