8 0.931128 0.286174 0.0770228 0.0603256 0.891767
3 0.509034 0.552598 0.162112 0.0941119 0.835525
5 0.439645 0.590167 0.0693115 0.265915 0.214673
5 0.460453 0.657813 0.0367143 0.227195 0.121688
5 0.458915 0.640616 0.0374233 0.198901 0.107596
5 0.42104 0.636783 0.0392211 0.164749 0.0286314
5 0.42159 0.629846 0.038814 0.166596 0.0272647
3 0.482835 0.462453 0.177105 0.0768286 0.0158119
5 0.457289 0.596317 0.0338405 0.163728 0.0146948
5 0.457733 0.615925 0.0353289 0.168413 0.0133644
5 0.451141 0.581496 0.0380949 0.206226 0.0119638
5 0.576172 0.548739 0.0219308 0.129414 0.0114345
