8 0.881552 0.953451 0.12731 0.0734798 0.901495
3 0.691085 0.425001 0.21096 0.0867252 0.858684
3 0.385649 0.509061 0.223387 0.0882135 0.85217
5 0.758842 0.495139 0.0574338 0.141946 0.713998
5 0.467049 0.543209 0.0940518 0.235962 0.625674
5 0.473151 0.526985 0.0774062 0.198682 0.406528
5 0.611006 0.579018 0.0492192 0.336882 0.257023
5 0.292549 0.519013 0.0377998 0.18088 0.212274
5 0.29191 0.52905 0.0392513 0.190272 0.138045
5 0.294951 0.514974 0.0416476 0.167509 0.107621
5 0.612273 0.509435 0.0393208 0.206914 0.093429
5 0.611015 0.485403 0.0358233 0.15355 0.0555253
5 0.613389 0.52482 0.0404389 0.230361 0.0197623
5 0.292542 0.511833 0.0348952 0.14993 0.0196259
5 0.294515 0.523915 0.043187 0.17624 0.0175133
5 0.613993 0.547409 0.040383 0.270219 0.0161491
5 0.613786 0.558552 0.0417289 0.272477 0.0143077
5 0.61013 0.470442 0.0319842 0.118598 0.0139124
5 0.614017 0.536172 0.039617 0.252389 0.0122069
5 0.613337 0.586711 0.0450353 0.287649 0.0103117
5 0.613213 0.60097 0.04565 0.29864 0.0101536
