8 0.82764 0.283352 0.0747994 0.0740069 0.902973
3 0.351792 0.504739 0.170179 0.101906 0.858637
3 0.55635 0.367714 0.172517 0.0863413 0.770586
5 0.514306 0.452194 0.0803162 0.173837 0.528074
5 0.425012 0.509785 0.0331216 0.197464 0.484922
5 0.424852 0.533406 0.0347317 0.263683 0.314169
5 0.544447 0.628314 0.128955 0.540372 0.262133
5 0.4248 0.499359 0.0326961 0.182222 0.167244
5 0.622329 0.393185 0.0364594 0.0964438 0.147597
5 0.286893 0.524444 0.0406393 0.157208 0.0882333
5 0.288305 0.534149 0.0448014 0.165569 0.07853
5 0.285078 0.518171 0.0367155 0.140383 0.0600061
3 0.564259 0.403644 0.160353 0.119888 0.0406478
5 0.532917 0.558304 0.111444 0.395995 0.0401049
5 0.519383 0.460135 0.0836757 0.194052 0.038241
5 0.300984 0.586483 0.0706646 0.282045 0.0377124
5 0.298496 0.571526 0.0656271 0.250706 0.0353117
5 0.28677 0.523422 0.0407366 0.152465 0.0331935
5 0.620493 0.394612 0.0315566 0.0927488 0.0251053
5 0.62154 0.401702 0.0434484 0.116224 0.0250174
5 0.623495 0.386429 0.0300373 0.0817904 0.0165171
5 0.62137 0.386807 0.0279451 0.0780135 0.013328
