3 0.48968 0.45871 0.252167 0.0892981 0.88322
3 0.254407 0.488313 0.116951 0.0615687 0.837582
8 0.688177 0.917622 0.0390455 0.0380546 0.800357
5 0.440201 0.673221 0.111669 0.396618 0.64578
5 0.586206 0.536531 0.032657 0.148096 0.565836
5 0.297745 0.557586 0.0310528 0.161306 0.402574
5 0.585778 0.526549 0.0278955 0.12581 0.339199
5 0.307454 0.598686 0.0562794 0.244267 0.19173
5 0.299488 0.578609 0.0360753 0.203486 0.120158
5 0.295115 0.546882 0.0245646 0.135285 0.0417686
5 0.423694 0.582084 0.0858957 0.214118 0.0131467
