8 0.776474 0.840727 0.0591415 0.0364686 0.81402
3 0.400478 0.303376 0.181039 0.0600157 0.807481
7 0.216163 0.162897 0.202252 0.228623 0.330309
3 0.402718 0.308659 0.184781 0.0714622 0.326605
6 0.550599 0.333681 0.139163 0.279953 0.318911
3 0.444962 0.312718 0.125684 0.073804 0.189396
3 0.450349 0.31049 0.113691 0.0766811 0.0535085
3 0.407478 0.310936 0.192553 0.076893 0.0495785
3 0.331147 0.236509 0.145934 0.0411351 0.0398185
7 0.618205 0.359209 0.282094 0.350111 0.0230586
7 0.613351 0.346489 0.271637 0.325144 0.0198236
3 0.455216 0.321645 0.105008 0.0572285 0.0184219
3 0.333446 0.240938 0.143047 0.0448153 0.0171733
