3 0.554639 0.564362 0.227688 0.130499 0.865954
3 0.246309 0.558168 0.149945 0.0855582 0.86405
5 0.307067 0.680134 0.0574877 0.453463 0.710277
5 0.479318 0.729876 0.0525885 0.356395 0.646098
8 0.0154916 0.370997 0.0309832 0.0168431 0.56061
8 0.014275 0.3395 0.02855 0.0334275 0.422707
5 0.189894 0.715877 0.0491764 0.426724 0.401709
5 0.647273 0.611255 0.0304561 0.205137 0.24596
8 0.0157217 0.351699 0.0314434 0.0553371 0.169354
5 0.485879 0.71177 0.0366199 0.287203 0.152589
5 0.188375 0.61633 0.0441121 0.217617 0.129104
5 0.307412 0.701298 0.0489885 0.47994 0.0836322
5 0.64805 0.610283 0.0408425 0.218465 0.0410195
5 0.187665 0.593903 0.0409459 0.175131 0.0341956
5 0.319407 0.67605 0.0295532 0.30677 0.0283431
5 0.319096 0.665297 0.0301802 0.296285 0.0248278
5 0.307538 0.575813 0.0420943 0.229504 0.0200404
5 0.186529 0.577273 0.0362225 0.129819 0.014406
5 0.48582 0.694411 0.0346283 0.266084 0.0143737
