3 0.634865 0.501063 0.278199 0.0873233 0.86569
8 0.769843 0.911277 0.0542948 0.0358252 0.807841
5 0.745791 0.541567 0.0639923 0.163456 0.50703
5 0.744852 0.550761 0.0675744 0.178827 0.258355
5 0.525326 0.543492 0.062566 0.177323 0.207932
5 0.526346 0.559666 0.0640853 0.195437 0.11374
5 0.522539 0.532389 0.0620345 0.168039 0.0982064
5 0.520487 0.520402 0.0570507 0.131994 0.0433838
5 0.52404 0.531792 0.059395 0.156831 0.0321493
5 0.370035 0.595007 0.0262329 0.202185 0.021605
5 0.368469 0.603942 0.0292666 0.221541 0.0180403
