8 0.0181571 0.0634117 0.0363142 0.0367722 0.754881
8 0.473655 0.974698 0.5588 0.0383751 0.222529
8 0.474993 0.979196 0.534522 0.0416077 0.192856
8 0.511238 0.980084 0.465826 0.0398325 0.0824514
8 0.57111 0.976466 0.358299 0.047067 0.0351266
8 0.544554 0.978856 0.406057 0.0422874 0.0249473
8 0.723796 0.980113 0.0499068 0.0318785 0.023564
8 0.462152 0.977757 0.544755 0.0415684 0.0217374
8 0.373034 0.979744 0.366828 0.0405117 0.0213218
8 0.438469 0.977452 0.507429 0.0377472 0.0207175
8 0.70545 0.979676 0.0867142 0.0345956 0.014245
8 0.561048 0.978464 0.387092 0.0430727 0.0105406
