8 0.903976 0.910068 0.0452459 0.0370795 0.820844
8 0.842431 0.00917526 0.116784 0.0183501 0.737771
8 0.311154 0.984443 0.164597 0.0254142 0.508105
8 0.690069 0.97905 0.334865 0.0381346 0.13058
8 0.263996 0.985341 0.0679914 0.0234671 0.115458
8 0.649776 0.980413 0.419406 0.0391744 0.103247
8 0.797895 0.981089 0.129209 0.0323661 0.0729287
8 0.596911 0.980772 0.520661 0.0370322 0.0617103
8 0.377326 0.981124 0.323872 0.0311089 0.0476471
8 0.262525 0.985226 0.0659961 0.0235147 0.0459602
7 0.81202 0.556215 0.312443 0.622971 0.0411852
8 0.491102 0.978785 0.534568 0.032442 0.0399716
8 0.539564 0.977368 0.610367 0.0336778 0.0388297
8 0.553175 0.978744 0.592048 0.0356705 0.0364637
8 0.394821 0.980457 0.364176 0.0343618 0.0335819
8 0.838296 0.984216 0.0461255 0.022809 0.0276031
8 0.802167 0.98224 0.118859 0.0289277 0.0275894
8 0.730576 0.980101 0.264278 0.0359719 0.0262563
8 0.558244 0.979514 0.256969 0.0368873 0.0253821
8 0.482569 0.982894 0.106729 0.0289634 0.0245967
8 0.715934 0.979473 0.286847 0.0368403 0.0230099
8 0.48028 0.98423 0.10151 0.0259544 0.0220037
8 0.819768 0.983623 0.0820531 0.0252521 0.0218692
8 0.471758 0.984042 0.0859403 0.0250498 0.0201055
8 0.39551 0.98409 0.280644 0.0270643 0.020103
8 0.54863 0.971036 0.636744 0.0371727 0.0161697
8 0.636672 0.980163 0.42998 0.036332 0.0136114
8 0.664081 0.980385 0.410637 0.0392308 0.0118948
