3 0.569839 0.545495 0.297395 0.114536 0.891063
8 0.143634 0.203538 0.0416735 0.0367491 0.800545
5 0.668382 0.664245 0.0670341 0.185111 0.353293
5 0.46676 0.738403 0.0602822 0.377368 0.312103
5 0.465966 0.731695 0.0599958 0.363844 0.190797
8 0.00637019 0.378952 0.0127404 0.015046 0.178043
5 0.670203 0.650071 0.0610961 0.15348 0.176116
5 0.468124 0.672389 0.0515039 0.238437 0.121701
5 0.670586 0.650887 0.0624855 0.158369 0.0364159
8 0.0069794 0.376132 0.0139588 0.0206456 0.0164414
5 0.461259 0.624698 0.0465368 0.148629 0.0159924
5 0.671213 0.642179 0.0550892 0.132667 0.011578
