8 0.941489 0.0992691 0.105901 0.0721735 0.900448
3 0.422168 0.602804 0.166227 0.0834628 0.79369
3 0.460688 0.544058 0.125198 0.0673678 0.766451
5 0.352811 0.611894 0.0353964 0.171681 0.634621
5 0.352248 0.609559 0.0353096 0.171186 0.602209
5 0.496599 0.612783 0.0517151 0.266934 0.351407
5 0.494142 0.640405 0.0407399 0.191763 0.079334
5 0.502253 0.576205 0.0385211 0.192233 0.0590169
3 0.422006 0.587871 0.187995 0.13056 0.0550732
3 0.450802 0.574558 0.160147 0.133145 0.0385809
5 0.500794 0.613802 0.0507107 0.270735 0.0282958
3 0.477244 0.566769 0.0888669 0.157144 0.0214001
5 0.50049 0.595797 0.0399629 0.24328 0.0166598
