3 0.438822 0.480884 0.326263 0.0710483 0.877375
8 0.120703 0.0639487 0.0533867 0.0333897 0.807642
8 0.0350757 0.459241 0.0652517 0.0213349 0.690748
5 0.337918 0.576285 0.0685075 0.17451 0.660689
5 0.572408 0.529895 0.0525411 0.151706 0.544354
8 0.034829 0.433591 0.069658 0.0752524 0.0997099
5 0.562478 0.600572 0.0745976 0.290168 0.0751814
5 0.573611 0.517491 0.0471526 0.121614 0.062936
5 0.571563 0.548827 0.0593016 0.192865 0.0306584
8 0.0349114 0.443986 0.068747 0.0516359 0.0292049
5 0.335699 0.578998 0.0721137 0.185364 0.015089
5 0.566273 0.59878 0.0747803 0.287927 0.0123703
