8 0.948753 0.842702 0.102494 0.0645321 0.880456
3 0.395746 0.394686 0.291331 0.0910155 0.873009
3 0.69823 0.435784 0.146461 0.0594608 0.826456
5 0.630541 0.521686 0.0500378 0.205226 0.505107
5 0.273418 0.419884 0.0297402 0.0776599 0.349429
5 0.632458 0.508058 0.0437671 0.178308 0.327589
5 0.471879 0.484864 0.109597 0.149666 0.311278
5 0.274175 0.426965 0.0320803 0.0963384 0.272149
5 0.475814 0.472576 0.0984196 0.123791 0.0741796
5 0.467999 0.495635 0.115549 0.174627 0.0479408
5 0.459239 0.533047 0.136165 0.247937 0.0229513
5 0.623079 0.55136 0.0620613 0.264731 0.0180009
5 0.481837 0.458809 0.0835848 0.0926322 0.0136173
5 0.629502 0.521231 0.049198 0.209532 0.0105931
