3 0.458632 0.580812 0.147988 0.0657831 0.858746
8 0.24258 0.107665 0.0402141 0.0346537 0.797751
8 0.0843299 0.32543 0.0419964 0.016037 0.437663
3 0.542559 0.494132 0.117693 0.0516172 0.368178
8 0.0845271 0.324674 0.0430682 0.0177442 0.297696
7 0.321115 0.625819 0.297508 0.520467 0.163829
6 0.651303 0.533506 0.176491 0.311683 0.111958
3 0.544602 0.488665 0.122341 0.0547993 0.075908
8 0.0849615 0.303658 0.042553 0.0574017 0.0369312
7 0.334875 0.564931 0.271358 0.397616 0.0246183
3 0.546335 0.480214 0.130282 0.0563166 0.0150545
