3 0.338271 0.482796 0.150336 0.0661612 0.859923
3 0.610399 0.611538 0.206514 0.108994 0.858076
8 0.119242 0.295603 0.0366347 0.0343421 0.790273
8 0.0822038 0.342724 0.0488599 0.0172107 0.704231
5 0.38064 0.545345 0.0396628 0.122069 0.385024
5 0.692142 0.659584 0.0796297 0.288067 0.288796
5 0.381066 0.537219 0.0352295 0.101779 0.146644
5 0.52935 0.631024 0.0412042 0.267564 0.106314
5 0.527881 0.637184 0.0334628 0.248808 0.104756
5 0.527114 0.617418 0.0321335 0.225217 0.0788516
5 0.676568 0.711999 0.0479465 0.218498 0.0226509
5 0.526604 0.605368 0.0322161 0.206621 0.0209933
5 0.527734 0.663074 0.0424071 0.332398 0.0190801
5 0.694439 0.660562 0.061249 0.269329 0.014348
5 0.526034 0.561378 0.0300399 0.120971 0.0143347
8 0.0819679 0.337022 0.0501334 0.0280498 0.0135109
5 0.689412 0.65407 0.0482816 0.231255 0.0128568
5 0.678328 0.698959 0.0452719 0.202763 0.0123855
5 0.696457 0.637931 0.0610166 0.233071 0.0112527
