3 0.466368 0.560499 0.224871 0.0999061 0.868624
8 0.0431807 0.290107 0.0146629 0.0146263 0.392451
3 0.224014 0.503184 0.130266 0.0650387 0.0892115
3 0.214867 0.551046 0.122064 0.0703044 0.0599385
8 0.0397565 0.289949 0.0152788 0.0120757 0.0509106
3 0.223349 0.502874 0.130206 0.0632419 0.0347631
3 0.216411 0.546719 0.122415 0.0672145 0.0315146
8 0.0172393 0.813154 0.0186541 0.0184165 0.0137998
8 0.0174508 0.811117 0.0194626 0.0199388 0.0136967
8 0.0192372 0.811031 0.0209112 0.0209414 0.0123757
8 0.0194831 0.812801 0.0207233 0.018711 0.011683
