3 0.51936 0.520099 0.195633 0.0824668 0.881807
8 0.194203 0.202439 0.0353614 0.0345005 0.805578
6 0.641298 0.522119 0.143991 0.348168 0.721353
8 0.0390021 0.90557 0.0734356 0.0227685 0.46755
8 0.0396396 0.861652 0.0779413 0.111589 0.274235
6 0.622878 0.61872 0.191289 0.554991 0.214582
7 0.714096 0.575071 0.309257 0.555833 0.164513
7 0.724355 0.508562 0.28971 0.421473 0.16438
7 0.721556 0.530759 0.292215 0.457967 0.0503336
7 0.346572 0.274715 0.169381 0.338893 0.0422727
8 0.0395702 0.881102 0.0791404 0.0733861 0.0294217
7 0.726512 0.491692 0.283146 0.383677 0.016987
8 0.0390907 0.894589 0.0762176 0.0446522 0.0141428
