8 0.77768 0.465719 0.0937936 0.111618 0.934369
3 0.420042 0.432729 0.12595 0.0991169 0.900573
3 0.583885 0.395768 0.0997112 0.0720091 0.874944
5 0.618789 0.504444 0.0179266 0.222649 0.371648
5 0.48078 0.404346 0.0174199 0.108278 0.162243
5 0.6192 0.521193 0.0198598 0.263425 0.142072
5 0.481482 0.398738 0.0157835 0.0989008 0.0561256
5 0.478924 0.42002 0.0260855 0.138433 0.0334057
5 0.541504 0.400598 0.0100927 0.0881895 0.0270454
5 0.482738 0.390899 0.0158853 0.087155 0.0266431
5 0.541194 0.399354 0.0134499 0.0918141 0.0249406
5 0.54135 0.397213 0.012054 0.0850801 0.0218449
5 0.476552 0.426208 0.0315738 0.151324 0.0215486
5 0.616621 0.5439 0.0151462 0.285978 0.0183331
5 0.542876 0.410428 0.0159396 0.110626 0.0157223
5 0.543059 0.400695 0.0156133 0.0900754 0.0125528
5 0.485555 0.391435 0.0229869 0.10283 0.011177
5 0.54301 0.461804 0.019248 0.220157 0.0107412
