4 0.624264 0.699982 0.456156 0.543432 0.953325
8 0.19407 0.902626 0.0500918 0.0329472 0.767925
3 0.448876 0.730842 0.406815 0.148357 0.756224
4 0.628878 0.698928 0.448171 0.551467 0.660759
8 0.146079 0.945922 0.0688369 0.0217731 0.623008
5 0.58935 0.833889 0.116685 0.271387 0.3437
5 0.312689 0.801488 0.133718 0.246932 0.116979
5 0.30383 0.774949 0.10693 0.19318 0.0916108
5 0.298807 0.756044 0.103274 0.157775 0.0712891
8 0.144759 0.92281 0.0732489 0.0683715 0.050727
5 0.578649 0.853414 0.0980767 0.182853 0.0465287
8 0.141995 0.92255 0.0735432 0.0694017 0.0420845
5 0.586754 0.82536 0.0934278 0.22619 0.0390375
5 0.294238 0.74631 0.0957483 0.132415 0.0202098
5 0.290104 0.737736 0.0850123 0.112579 0.0127195
3 0.460593 0.758828 0.343393 0.096291 0.0109006
