8 0.0349696 0.908262 0.0699391 0.0600916 0.870374
3 0.584076 0.588632 0.395247 0.124799 0.575583
5 0.707076 0.693532 0.0656789 0.19866 0.340845
3 0.596821 0.645612 0.352677 0.217602 0.258391
5 0.715658 0.683514 0.0879891 0.228005 0.2006
5 0.708553 0.681521 0.0625157 0.171006 0.137416
5 0.489603 0.7489 0.0565218 0.168896 0.13522
5 0.488953 0.718787 0.0525313 0.100108 0.0667545
5 0.489141 0.734246 0.0540511 0.135215 0.0667407
5 0.313246 0.796743 0.0264846 0.201262 0.0621653
3 0.585898 0.588453 0.399501 0.127064 0.0591861
5 0.72017 0.666274 0.0954962 0.224499 0.0481602
3 0.185239 0.492935 0.105135 0.0521453 0.0450931
5 0.487873 0.710663 0.0495492 0.0863359 0.0291551
3 0.596637 0.650205 0.305621 0.1676 0.0189983
