8 0.116654 0.365231 0.130576 0.0828862 0.912686
3 0.593408 0.589705 0.266122 0.085831 0.86918
5 0.698644 0.619621 0.108763 0.204737 0.433145
3 0.32879 0.520691 0.159757 0.0492355 0.332288
3 0.329239 0.521017 0.160078 0.049357 0.306937
5 0.722379 0.556568 0.0556421 0.0731198 0.174553
5 0.692503 0.619888 0.0813697 0.173153 0.0776122
5 0.679906 0.660261 0.0742144 0.136799 0.0773334
5 0.38087 0.549432 0.0412251 0.0757127 0.0228124
5 0.383437 0.537853 0.035847 0.0539613 0.0205478
5 0.682143 0.652846 0.0709609 0.122985 0.0156543
5 0.726899 0.555949 0.0639564 0.0819688 0.011007
