3 0.486544 0.749643 0.238838 0.0844517 0.863204
3 0.297087 0.554192 0.0915638 0.0528042 0.849703
8 0.1533 0.441758 0.0447571 0.0349456 0.8185
5 0.544072 0.851085 0.131112 0.260066 0.81837
8 0.086208 0.529513 0.0588613 0.0184719 0.742194
5 0.432714 0.701162 0.0662335 0.0831278 0.186149
5 0.440195 0.696136 0.0494031 0.078542 0.125723
5 0.416019 0.732422 0.107695 0.148346 0.0780785
5 0.413789 0.743195 0.108143 0.164072 0.0469644
5 0.39818 0.751473 0.0658491 0.0975632 0.0180223
5 0.409772 0.788956 0.104829 0.249529 0.0179771
5 0.387892 0.756604 0.0501169 0.102255 0.0161385
5 0.41203 0.800667 0.121955 0.266313 0.0131758
5 0.374795 0.767823 0.0287294 0.0876867 0.0107238
5 0.374637 0.776374 0.0290087 0.0855864 0.010085
