8 0.961478 0.875373 0.0764388 0.148721 0.889884
3 0.442977 0.549721 0.240709 0.109903 0.883499
8 0.918953 0.6232 0.0482398 0.0350567 0.81866
3 0.814929 0.318771 0.118697 0.0678851 0.640901
5 0.550534 0.582634 0.0506829 0.345393 0.524896
5 0.363961 0.647294 0.0542148 0.17178 0.322591
5 0.362381 0.637055 0.0499114 0.151956 0.149828
5 0.550278 0.584151 0.0500665 0.350097 0.0658751
5 0.36028 0.62892 0.0447328 0.131707 0.0447156
5 0.367317 0.658051 0.0556049 0.184742 0.0441333
5 0.359997 0.632242 0.0610343 0.207663 0.0199295
5 0.552549 0.576571 0.0402266 0.295142 0.0155516
5 0.552576 0.557493 0.0385877 0.267291 0.0141305
5 0.552413 0.60038 0.0392942 0.296261 0.0113393
