3 0.538473 0.391515 0.184593 0.0595252 0.837038
8 0.0814402 0.933133 0.0727742 0.0361303 0.813535
5 0.604406 0.475534 0.0422449 0.181866 0.526427
5 0.610446 0.446755 0.054341 0.222252 0.13541
5 0.459146 0.403725 0.0294746 0.0784939 0.080358
5 0.604793 0.446141 0.034186 0.136066 0.0442214
5 0.606971 0.429391 0.0380041 0.119956 0.0406945
5 0.471353 0.481482 0.0548568 0.231365 0.0397273
5 0.461234 0.413043 0.0346807 0.101929 0.0357763
5 0.477409 0.502758 0.0450322 0.19172 0.035146
5 0.477751 0.507912 0.0460566 0.19333 0.0348841
5 0.457292 0.398218 0.026215 0.0667243 0.0329703
5 0.604261 0.466387 0.0362554 0.155952 0.0223264
5 0.603709 0.485111 0.0451261 0.203711 0.0100942
