8 0.927574 0.834796 0.142235 0.12862 0.926694
3 0.371277 0.370644 0.182477 0.0956735 0.877714
5 0.450323 0.403578 0.0401154 0.192305 0.331258
5 0.444431 0.458842 0.0517217 0.321364 0.242117
5 0.451209 0.392075 0.0384097 0.174501 0.220879
5 0.449227 0.413731 0.0415709 0.208848 0.0488761
5 0.451948 0.38049 0.0354961 0.14122 0.0329103
5 0.298543 0.437623 0.0296704 0.208791 0.0305305
5 0.445633 0.452518 0.0513575 0.305128 0.0291493
5 0.294136 0.390479 0.0206978 0.117211 0.0155968
5 0.297541 0.424565 0.0280568 0.185758 0.0128044
5 0.292875 0.382318 0.0185921 0.0974723 0.0123067
5 0.298986 0.450014 0.0300326 0.224717 0.0110419
5 0.295876 0.406384 0.0242888 0.148261 0.0108359
