8 0.110139 0.660835 0.120767 0.0986954 0.920904
3 0.291463 0.327443 0.123608 0.0589754 0.873475
3 0.674461 0.526552 0.234641 0.0889262 0.851444
5 0.560474 0.609648 0.080382 0.403039 0.829073
5 0.766227 0.653269 0.0481407 0.322833 0.576282
5 0.767907 0.619854 0.0439558 0.259493 0.16101
5 0.559949 0.614108 0.0801746 0.410164 0.0436161
5 0.767862 0.604757 0.0419803 0.223027 0.0298862
5 0.767684 0.671697 0.051751 0.333278 0.0177338
5 0.557478 0.540201 0.0713455 0.23255 0.0147866
5 0.764787 0.669085 0.0400783 0.285947 0.014493
