8 0.0468491 0.152628 0.0305038 0.0328132 0.797566
8 0.0285442 0.221016 0.0570885 0.0308473 0.592206
4 0.442826 0.366356 0.578871 0.0896384 0.380654
3 0.324068 0.257782 0.0874086 0.0834737 0.333551
4 0.453351 0.492302 0.554277 0.183952 0.193287
4 0.452203 0.457846 0.555946 0.239345 0.156807
4 0.441637 0.391044 0.582408 0.151787 0.0873083
4 0.449125 0.458068 0.562532 0.343663 0.0464845
4 0.441527 0.302895 0.574521 0.18155 0.0458558
4 0.442502 0.310344 0.576299 0.179486 0.0435377
4 0.0285442 0.221016 0.0570885 0.0308473 0.034571
8 0.0300031 0.186135 0.0600062 0.0998854 0.0312438
0 0.593582 0.373568 0.0764742 0.051666 0.0196727
4 0.45549 0.527444 0.555508 0.241831 0.0139916
4 0.477684 0.457629 0.502882 0.415957 0.0110188
8 0.0291266 0.194594 0.0582532 0.0913506 0.010687
4 0.447198 0.414996 0.567523 0.249077 0.0106028
