8 0.0440419 0.22592 0.0880837 0.0874399 0.893724
3 0.270457 0.3396 0.0958866 0.054794 0.5401
3 0.269277 0.342649 0.0998434 0.0631671 0.389541
4 0.380745 0.416614 0.632032 0.0453808 0.147125
4 0.379945 0.429164 0.643698 0.0798313 0.136241
4 0.376211 0.42236 0.641146 0.0532822 0.0953493
0 0.558937 0.510025 0.0850356 0.0346376 0.0843495
4 0.369616 0.509293 0.674457 0.238592 0.0741837
4 0.366404 0.552449 0.68108 0.199782 0.0734306
0 0.561029 0.436657 0.0761522 0.0382774 0.0419626
4 0.275431 0.504262 0.503636 0.0344202 0.0414632
4 0.558937 0.510025 0.0850356 0.0346376 0.0402094
3 0.269023 0.353244 0.104118 0.0878914 0.0266094
4 0.561029 0.436657 0.0761522 0.0382774 0.0265603
4 0.383366 0.48648 0.641271 0.341355 0.0222297
4 0.360768 0.506325 0.676858 0.0787723 0.0164691
1 0.561029 0.436657 0.0761522 0.0382774 0.010901
