8 0.053295 0.245512 0.0844374 0.0794156 0.863381
4 0.560177 0.514064 0.277173 0.332096 0.630449
3 0.27004 0.536916 0.124552 0.0515049 0.605867
3 0.268422 0.372892 0.0976242 0.0448833 0.526752
0 0.294852 0.45157 0.164948 0.0385735 0.471473
3 0.535223 0.416011 0.348676 0.0706812 0.0972589
3 0.269713 0.536537 0.12491 0.0516703 0.0739808
0 0.269713 0.536537 0.12491 0.0516703 0.0403036
3 0.535387 0.424475 0.342806 0.061658 0.0394093
0 0.27004 0.536916 0.124552 0.0515049 0.0374509
4 0.559857 0.515603 0.277043 0.329412 0.0200879
