8 0.875813 0.211162 0.122659 0.0993378 0.932041
3 0.535391 0.480908 0.184964 0.112398 0.852431
5 0.437942 0.499673 0.091378 0.261086 0.783134
3 0.70213 0.387248 0.120326 0.0618293 0.618829
3 0.734127 0.292306 0.0807828 0.0496566 0.285403
5 0.603939 0.494516 0.0468094 0.149602 0.220595
5 0.611727 0.447956 0.0283995 0.0618383 0.0929901
5 0.454937 0.515993 0.0539636 0.201849 0.0672367
5 0.601765 0.503756 0.053296 0.170732 0.0424736
5 0.466869 0.558141 0.0356655 0.152047 0.0411933
5 0.610268 0.442295 0.0260792 0.0603456 0.0193763
5 0.60749 0.482211 0.0386516 0.119254 0.0142099
5 0.612601 0.456609 0.0293311 0.0756224 0.0110044
5 0.611147 0.470821 0.0320565 0.101404 0.0109556
