8 0.921941 0.110245 0.142108 0.100513 0.914012
3 0.474694 0.530453 0.204106 0.105648 0.84351
5 0.378264 0.551822 0.066092 0.262206 0.622284
3 0.733921 0.366833 0.0908758 0.0491036 0.223443
5 0.558534 0.513137 0.0328452 0.067919 0.124991
5 0.556496 0.51784 0.0385663 0.0741842 0.11297
5 0.551997 0.525661 0.0474737 0.0922568 0.0953322
5 0.545856 0.542373 0.0590158 0.126671 0.0931467
3 0.685479 0.464152 0.129813 0.0493919 0.0729244
5 0.391981 0.589189 0.0434411 0.180438 0.0430878
5 0.386747 0.551515 0.049803 0.215951 0.0200153
5 0.390857 0.564322 0.0428532 0.21913 0.0182683
5 0.39178 0.601766 0.0447566 0.168604 0.0114082
