8 0.875375 0.210751 0.128669 0.103944 0.928454
3 0.44918 0.515937 0.174714 0.0670149 0.834762
5 0.565273 0.506408 0.0813737 0.226127 0.600895
5 0.38843 0.497124 0.0452763 0.0645981 0.158649
5 0.564912 0.563735 0.0841963 0.336058 0.0977521
5 0.390323 0.491205 0.0404899 0.0640699 0.0896077
5 0.565566 0.55735 0.082905 0.327053 0.0617187
5 0.388214 0.507586 0.0482979 0.0716147 0.0551474
5 0.517936 0.558679 0.150316 0.307279 0.0311669
5 0.384636 0.519462 0.0456926 0.105036 0.0282265
5 0.388126 0.515996 0.0502432 0.0900396 0.023498
5 0.563706 0.502637 0.0695511 0.21753 0.0233447
5 0.384233 0.527399 0.0495377 0.136599 0.0157482
