8 0.89926 0.910238 0.111292 0.0800854 0.907773
3 0.380307 0.578261 0.231276 0.0949305 0.850216
3 0.625725 0.587038 0.117646 0.0615068 0.846525
5 0.456135 0.661112 0.0612943 0.184956 0.461231
5 0.455459 0.66797 0.0617828 0.192055 0.0464359
5 0.291341 0.610096 0.0305797 0.0814963 0.0425323
5 0.289925 0.602475 0.03022 0.0704704 0.0196707
5 0.458234 0.655942 0.0707138 0.201661 0.01599
5 0.293734 0.616368 0.0313636 0.0927437 0.0158906
5 0.292901 0.606547 0.0289902 0.0718619 0.0156089
5 0.460142 0.633772 0.0536016 0.121407 0.0114558
