8 0.424248 0.0877725 0.0290589 0.0351518 0.77595
8 0.539412 0.0333855 0.176674 0.0447555 0.649259
8 0.328162 0.0284732 0.256464 0.0473445 0.118335
8 0.406871 0.0253439 0.407932 0.0450482 0.111055
8 0.317369 0.026534 0.225428 0.0423096 0.0848206
8 0.417875 0.0235136 0.445156 0.044063 0.0730093
8 0.453834 0.0276348 0.352476 0.0451721 0.0716396
8 0.320998 0.028497 0.235892 0.0479975 0.0424298
3 0.441296 0.268949 0.091258 0.0782446 0.0418068
8 0.426669 0.0269243 0.404888 0.0443114 0.0401435
8 0.289807 0.0262008 0.184946 0.0441444 0.0396941
8 0.343945 0.0274217 0.213077 0.0421516 0.0343213
8 0.493975 0.0262416 0.265545 0.0423642 0.0231737
8 0.527221 0.031467 0.150692 0.0456843 0.0180977
