4 0.285595 0.702339 0.534171 0.570342 0.943276
3 0.375839 0.865876 0.270903 0.117425 0.855452
8 0.951666 0.553921 0.0366082 0.0343901 0.802724
5 0.519382 0.827316 0.0958975 0.259506 0.650669
4 0.726376 0.794539 0.0426447 0.37688 0.573647
4 0.285337 0.704326 0.533452 0.573034 0.459374
5 0.264877 0.918906 0.0407236 0.132317 0.34102
5 0.501198 0.858726 0.076244 0.191513 0.161389
3 0.680739 0.683552 0.129195 0.0866628 0.14591
3 0.79114 0.620682 0.142956 0.0737447 0.0926712
5 0.264644 0.913908 0.0372526 0.115343 0.0852013
8 0.955983 0.809476 0.00908873 0.0116897 0.0595769
5 0.52079 0.796504 0.0766492 0.180705 0.0496047
3 0.682128 0.689847 0.128449 0.07346 0.0218141
4 0.729709 0.734451 0.0327557 0.280416 0.0112686
5 0.517582 0.828172 0.0967011 0.259204 0.0101031
