8 0.264041 0.29171 0.0594075 0.060717 0.888327
3 0.456969 0.489335 0.191983 0.0796886 0.866509
5 0.503862 0.567385 0.121033 0.200225 0.547177
5 0.507814 0.560116 0.110962 0.181825 0.228477
5 0.351493 0.599522 0.0694082 0.253451 0.0993863
5 0.35984 0.568361 0.0495337 0.189187 0.0790163
5 0.364133 0.556913 0.0401612 0.168962 0.0739095
5 0.367029 0.542172 0.0318872 0.136709 0.0711649
5 0.356375 0.576694 0.0554122 0.198436 0.0412233
5 0.372624 0.527533 0.0263912 0.109701 0.0407508
5 0.368563 0.528212 0.0269116 0.105217 0.0260335
5 0.370712 0.54144 0.0310812 0.141269 0.0155729
8 0.653403 0.957811 0.0220493 0.0147662 0.0129896
