3 0.631528 0.54789 0.186376 0.0706985 0.879514
3 0.347905 0.576208 0.131047 0.0667449 0.869218
8 0.129486 0.950742 0.231496 0.041262 0.860606
8 0.0414478 0.34848 0.0819211 0.087902 0.65714
7 0.790791 0.550301 0.182599 0.388943 0.588748
8 0.0368861 0.324076 0.0387616 0.0343321 0.443127
8 0.0365065 0.32378 0.0402808 0.033402 0.136663
7 0.22909 0.593055 0.15954 0.383481 0.0821229
7 0.23408 0.647816 0.174265 0.491579 0.0564007
8 0.0414364 0.377328 0.0811653 0.0281051 0.0371685
8 0.0410929 0.352593 0.0821857 0.0769308 0.0237468
7 0.234015 0.654465 0.175814 0.504885 0.0165508
8 0.213159 0.950983 0.0606681 0.0391509 0.0106355
