8 0.124038 0.260352 0.0934666 0.0726384 0.899877
3 0.55653 0.500507 0.197904 0.107625 0.852292
3 0.318995 0.495082 0.133299 0.0973332 0.822173
5 0.471713 0.541215 0.0491751 0.248693 0.656338
5 0.250051 0.601908 0.0726568 0.295327 0.332579
5 0.624817 0.541357 0.0915349 0.200216 0.164113
5 0.472135 0.532459 0.0470027 0.227067 0.146842
5 0.379036 0.450765 0.0363942 0.105388 0.143965
5 0.372174 0.50913 0.0514779 0.219085 0.138577
5 0.629372 0.527556 0.0751289 0.169347 0.102876
5 0.379614 0.446506 0.0316652 0.0921985 0.0824009
5 0.62142 0.547362 0.0954993 0.211711 0.0687356
5 0.368235 0.50756 0.031387 0.197725 0.0645396
5 0.261217 0.57354 0.0455074 0.205035 0.0628183
5 0.620471 0.550792 0.0942037 0.218167 0.0515031
5 0.625082 0.538775 0.0765795 0.182724 0.0486658
5 0.472138 0.522389 0.0463165 0.200027 0.0408401
5 0.365585 0.51536 0.0333602 0.198474 0.0120964
5 0.259021 0.591026 0.0504476 0.234268 0.0115
5 0.370368 0.507884 0.0424273 0.219918 0.0101933
