8 0.884652 0.906364 0.0658474 0.0846409 0.888449
3 0.305343 0.632384 0.138238 0.0990053 0.855579
3 0.572991 0.619389 0.211805 0.123055 0.842265
5 0.485835 0.688892 0.0549155 0.308514 0.737402
5 0.485159 0.656594 0.0461803 0.237093 0.071506
5 0.653189 0.655504 0.0480526 0.190018 0.0525224
5 0.655552 0.649165 0.0455167 0.178265 0.0349
5 0.656504 0.65372 0.0576847 0.201898 0.0335872
5 0.360321 0.671856 0.0472968 0.302529 0.032398
5 0.368804 0.570369 0.0296893 0.0957476 0.029908
5 0.657184 0.65081 0.0509344 0.185618 0.0278713
5 0.485757 0.666077 0.0473687 0.238435 0.0269102
5 0.660213 0.641247 0.0459753 0.172184 0.0226981
5 0.367579 0.576461 0.0347923 0.111221 0.0213676
5 0.655472 0.654141 0.056325 0.202747 0.0116547
5 0.364805 0.634559 0.0351045 0.224839 0.0101305
