3 0.353985 0.579997 0.247277 0.102852 0.8598
8 0.044745 0.153635 0.0744655 0.0301396 0.802018
8 0.0473883 0.0790256 0.0398158 0.0336336 0.783826
5 0.258851 0.60555 0.0710366 0.21748 0.538596
3 0.448115 0.637343 0.170414 0.0860034 0.335203
3 0.451404 0.632898 0.158988 0.0846722 0.202395
3 0.469078 0.620055 0.117797 0.103451 0.185671
5 0.260695 0.599508 0.0569306 0.204217 0.164259
5 0.261263 0.605507 0.0602246 0.199611 0.130228
5 0.483601 0.642258 0.0915796 0.285427 0.0806266
3 0.49248 0.808891 0.171888 0.135654 0.0638676
5 0.391334 0.739168 0.0444418 0.199607 0.0564722
5 0.482641 0.63071 0.0881396 0.262249 0.0528631
5 0.391607 0.751755 0.0460507 0.217148 0.0430159
5 0.48696 0.660053 0.0973619 0.321155 0.0304899
7 0.210873 0.394512 0.189756 0.349191 0.0201733
5 0.260564 0.603897 0.0667309 0.21745 0.0182298
3 0.45226 0.641598 0.167446 0.122333 0.0160293
3 0.477909 0.597423 0.0938085 0.148377 0.0159388
8 0.0460193 0.13055 0.0656462 0.0782708 0.0124573
5 0.384687 0.698396 0.0459818 0.252091 0.0124399
5 0.38818 0.723287 0.0448722 0.20936 0.0110676
