3 0.593374 0.531186 0.238276 0.0960678 0.873789
3 0.299162 0.551817 0.149421 0.0932378 0.818348
8 0.151348 0.110015 0.0379928 0.0343341 0.797585
8 0.0961932 0.156769 0.0507513 0.0254967 0.768663
5 0.676084 0.612596 0.0593328 0.177699 0.465652
5 0.358494 0.634487 0.0242065 0.169479 0.26068
5 0.681633 0.588745 0.0714523 0.212277 0.129176
5 0.68304 0.585862 0.0724222 0.212792 0.0992082
5 0.358847 0.622971 0.0212501 0.143523 0.0553979
5 0.676996 0.601018 0.0537659 0.149028 0.0325959
5 0.35789 0.648694 0.0290221 0.195806 0.0212772
8 0.096509 0.15666 0.0513512 0.0254545 0.014858
5 0.681702 0.575795 0.0490347 0.118495 0.0133463
