3 0.659879 0.659109 0.227753 0.117695 0.901925
8 0.272336 0.833246 0.032254 0.0336258 0.806034
8 0.163822 0.572977 0.0458723 0.0777742 0.739233
3 0.445449 0.770332 0.150363 0.0773475 0.48963
5 0.790572 0.720408 0.101553 0.275064 0.409731
5 0.533744 0.807385 0.121209 0.211877 0.314897
5 0.777279 0.699608 0.0646389 0.203256 0.120384
5 0.630311 0.76147 0.160914 0.176447 0.090805
5 0.529292 0.809136 0.104541 0.184699 0.0675657
5 0.774413 0.687222 0.0574626 0.198446 0.0594652
5 0.789728 0.718469 0.0984433 0.273528 0.0563495
5 0.409549 0.817275 0.153392 0.251972 0.0186922
5 0.511963 0.796536 0.155054 0.221222 0.0169504
5 0.525815 0.80154 0.101312 0.173462 0.0146093
5 0.620125 0.749884 0.131259 0.154604 0.0130669
5 0.37968 0.78336 0.182713 0.28348 0.0128317
