3 0.485828 0.619913 0.13695 0.0961423 0.833301
8 0.128239 0.335774 0.0970003 0.069168 0.811026
8 0.620855 0.344131 0.0262288 0.0332118 0.768621
3 0.60537 0.628791 0.120322 0.0948884 0.0502267
8 0.621197 0.344359 0.0264904 0.033606 0.0483062
3 0.403942 0.50186 0.206069 0.136561 0.0402133
3 0.61436 0.612014 0.0767672 0.0571584 0.0316971
3 0.607013 0.619429 0.0988254 0.0729923 0.031542
3 0.560031 0.582008 0.0756025 0.0646313 0.0185578
3 0.514579 0.635321 0.197386 0.149065 0.0181792
3 0.56735 0.659443 0.180369 0.151692 0.0144665
3 0.415805 0.509578 0.194683 0.132247 0.0136185
