8 0.132876 0.196696 0.108425 0.0867199 0.923242
3 0.478454 0.534302 0.175121 0.117934 0.874933
5 0.391104 0.614323 0.0706042 0.390481 0.783481
3 0.302574 0.430389 0.119779 0.0616475 0.766818
5 0.566959 0.575357 0.126401 0.267129 0.665852
5 0.249725 0.529039 0.029357 0.234232 0.220733
5 0.251004 0.517151 0.0264481 0.20769 0.164698
5 0.241105 0.564842 0.0464366 0.300895 0.163164
5 0.228673 0.644921 0.074016 0.460957 0.0867699
5 0.252096 0.49847 0.022776 0.161865 0.0767909
5 0.248482 0.538868 0.0305326 0.254503 0.0226891
3 0.30466 0.419984 0.127302 0.0791246 0.0221513
5 0.253229 0.482759 0.0193616 0.124235 0.019491
5 0.234533 0.595345 0.0593827 0.363437 0.0149681
