3 0.534881 0.571198 0.242007 0.104659 0.843401
3 0.309196 0.619364 0.125224 0.0765949 0.834765
3 0.237573 0.461211 0.0852867 0.0518587 0.804988
8 0.0573895 0.0969433 0.0366835 0.0333509 0.800018
5 0.64074 0.626198 0.0563815 0.266666 0.751781
5 0.476094 0.689657 0.131206 0.305917 0.50876
5 0.373624 0.689213 0.0513995 0.183927 0.324014
5 0.257376 0.622975 0.0359437 0.144243 0.121791
5 0.374459 0.696147 0.0523526 0.187935 0.113489
5 0.367761 0.668901 0.0385723 0.138423 0.0908519
5 0.372259 0.682739 0.0494497 0.17845 0.0778475
5 0.256019 0.6123 0.0325978 0.117987 0.0665614
5 0.254679 0.606348 0.0264126 0.104873 0.0627741
5 0.258643 0.634677 0.0363318 0.162988 0.0481718
5 0.372916 0.688141 0.0553604 0.206088 0.0349689
5 0.494343 0.721134 0.0807131 0.202934 0.0293948
5 0.463982 0.641292 0.101235 0.191746 0.0282528
5 0.636879 0.625619 0.0413567 0.23099 0.0244978
5 0.496626 0.732391 0.0825904 0.208414 0.0237221
5 0.260617 0.647246 0.0379746 0.178958 0.0190508
5 0.640659 0.62615 0.0432027 0.257135 0.0175754
5 0.371658 0.682117 0.0467336 0.170923 0.0172533
5 0.488758 0.7316 0.110522 0.304773 0.0162466
5 0.6423 0.613271 0.0449983 0.240511 0.0160501
5 0.371646 0.682264 0.0540689 0.19727 0.0141869
5 0.253806 0.598237 0.0221844 0.0877702 0.0139598
5 0.432807 0.590685 0.0389681 0.0803527 0.0106143
5 0.364467 0.655695 0.0296477 0.112619 0.0101859
