8 0.109677 0.440183 0.0584404 0.0620222 0.884685
3 0.33642 0.626091 0.114015 0.0644763 0.871557
3 0.536449 0.587255 0.202055 0.0972346 0.846478
5 0.626752 0.615673 0.0545391 0.225107 0.215499
5 0.62876 0.611375 0.0472009 0.202457 0.192089
3 0.280072 0.462578 0.0776182 0.0562045 0.135621
5 0.479703 0.650644 0.0838632 0.209738 0.124215
5 0.478235 0.650929 0.0805655 0.207268 0.0408792
5 0.392471 0.693004 0.0365706 0.16388 0.035718
5 0.629417 0.603314 0.0456858 0.191078 0.0295814
3 0.280607 0.463383 0.0793922 0.0571892 0.0247713
5 0.388142 0.683917 0.0260259 0.13842 0.0220635
5 0.393414 0.705491 0.0403974 0.18539 0.0168215
5 0.289087 0.594002 0.0222565 0.0907457 0.0135969
5 0.385315 0.670897 0.0209418 0.111507 0.0124158
5 0.623678 0.611096 0.0347206 0.152544 0.0122208
5 0.390586 0.695918 0.0324707 0.168042 0.0110026
