4 0.503391 0.451246 0.219852 0.408582 0.961665
8 0.872973 0.244967 0.113958 0.0986334 0.917145
3 0.570803 0.540835 0.220398 0.116907 0.856251
5 0.464769 0.552662 0.0773139 0.224678 0.684222
5 0.649581 0.514068 0.0536825 0.132076 0.183505
5 0.651456 0.512792 0.0496055 0.12835 0.144171
5 0.64583 0.522527 0.0632501 0.144972 0.129464
5 0.468513 0.553839 0.0623351 0.224286 0.0263539
5 0.648636 0.521244 0.0596072 0.147117 0.018909
5 0.466067 0.550014 0.0641549 0.211807 0.0136604
5 0.642838 0.528676 0.0700212 0.151723 0.0103991
