4 0.390315 0.447503 0.394956 0.373989 0.946189
8 0.85253 0.336605 0.104327 0.0954725 0.92367
5 0.384143 0.596639 0.0790763 0.312918 0.84591
3 0.703766 0.367861 0.0832506 0.0502792 0.843249
3 0.467141 0.516442 0.20297 0.123512 0.814533
3 0.658712 0.522802 0.130939 0.0901323 0.770145
3 0.466563 0.511687 0.204018 0.114948 0.649179
5 0.71069 0.550493 0.0352322 0.157746 0.571066
5 0.554 0.524346 0.0268298 0.102668 0.4561
5 0.60522 0.574987 0.0311066 0.214597 0.29621
5 0.711421 0.538323 0.0320528 0.128756 0.268705
5 0.554633 0.524487 0.0264393 0.106291 0.218587
5 0.554308 0.5206 0.0241584 0.0966134 0.0619831
5 0.587333 0.687314 0.0622331 0.383636 0.0502657
5 0.604883 0.552091 0.0292732 0.166082 0.0310471
5 0.586589 0.697556 0.0611604 0.378594 0.0291918
5 0.588553 0.678254 0.0607171 0.381904 0.0235367
5 0.364503 0.708017 0.119988 0.537342 0.01415
5 0.375428 0.657826 0.0955698 0.429968 0.0127779
5 0.69171 0.720486 0.0640445 0.485548 0.0118581
5 0.555316 0.521007 0.0234915 0.100625 0.0103166
