3 0.571524 0.590661 0.25384 0.127017 0.894336
3 0.307894 0.60876 0.138883 0.0758698 0.826261
8 0.0820891 0.444326 0.0322274 0.0335752 0.791225
8 0.0718931 0.261845 0.0478664 0.020777 0.719003
5 0.666776 0.65028 0.0558698 0.190031 0.411417
5 0.66756 0.63986 0.0525983 0.169097 0.341519
5 0.480922 0.670317 0.043219 0.0978401 0.105044
5 0.667138 0.645355 0.0550596 0.187253 0.0883106
5 0.481893 0.680514 0.0470745 0.119663 0.0494555
5 0.479542 0.662993 0.0409981 0.0853403 0.0310808
8 0.0712517 0.235323 0.0520528 0.0760105 0.0184342
8 0.0714337 0.227168 0.0498727 0.0882313 0.0108502
