3 0.60042 0.689834 0.238213 0.10264 0.87809
8 0.0232046 0.508344 0.0425065 0.0326523 0.784245
3 0.307235 0.670754 0.147121 0.0648048 0.319231
8 0.0152355 0.961217 0.030471 0.0139598 0.129452
8 0.0162216 0.961523 0.0303822 0.0137636 0.0973015
8 0.0155644 0.961325 0.0260756 0.0116248 0.044829
8 0.0154888 0.96271 0.0309776 0.0140547 0.0323588
3 0.324598 0.56407 0.222643 0.0475619 0.0251245
8 0.0166607 0.962529 0.0308554 0.0136732 0.0248618
8 0.0154741 0.947464 0.0309483 0.0406195 0.0183572
3 0.322238 0.540541 0.233549 0.0778206 0.0169114
8 0.0150301 0.93321 0.0300601 0.0683452 0.0104446
