3 0.511716 0.735608 0.23578 0.101846 0.820073
8 0.0374338 0.0863269 0.0485257 0.0345082 0.788655
8 0.0361808 0.146049 0.0723615 0.0759254 0.572055
8 0.0353659 0.176165 0.0707318 0.0157579 0.45661
3 0.27463 0.551023 0.134515 0.0561816 0.14959
3 0.511663 0.734951 0.236461 0.100466 0.147566
5 0.37104 0.660428 0.102187 0.141489 0.129507
5 0.387613 0.727674 0.138752 0.267335 0.12824
5 0.379801 0.687651 0.126796 0.19659 0.0405845
5 0.384274 0.724286 0.13625 0.260333 0.0286705
8 0.0358808 0.169091 0.0717615 0.0291562 0.023527
