3 0.582265 0.763313 0.274094 0.120669 0.880889
3 0.274879 0.611608 0.247898 0.0688039 0.798699
8 0.0434369 0.278751 0.03945 0.0351614 0.79307
8 0.0289524 0.447973 0.0540577 0.0206407 0.696101
5 0.465636 0.813607 0.0647697 0.359343 0.554879
3 0.271526 0.647978 0.227262 0.0750512 0.336328
8 0.0286723 0.421923 0.056904 0.0739266 0.0979995
5 0.447796 0.701205 0.0285745 0.140262 0.0659957
8 0.0291667 0.432305 0.0567332 0.0516648 0.0342858
8 0.028242 0.413514 0.0553101 0.0887477 0.0286279
5 0.448573 0.714757 0.0324051 0.16856 0.017789
5 0.473557 0.862446 0.0386691 0.213475 0.0152194
5 0.713535 0.731296 0.0215171 0.0948488 0.0117034
