8 0.0533558 0.382823 0.106712 0.0897785 0.886476
3 0.489546 0.62711 0.212791 0.0889596 0.855534
8 0.189059 0.923486 0.0530825 0.035195 0.821896
5 0.396473 0.663518 0.0617509 0.306635 0.53567
5 0.571581 0.629282 0.048442 0.186323 0.458474
5 0.395233 0.663992 0.0570669 0.249695 0.160238
5 0.572739 0.62528 0.0422805 0.178501 0.120699
5 0.571379 0.632225 0.0454541 0.196808 0.0798453
5 0.572785 0.591956 0.0273147 0.112717 0.0492692
5 0.573031 0.606601 0.0317209 0.148019 0.0315049
5 0.395423 0.648397 0.0536124 0.215339 0.0124066
5 0.395299 0.676056 0.0578368 0.265276 0.0100645
