4 0.442938 0.442244 0.231238 0.157632 0.870929
4 0.418212 0.756176 0.297811 0.402989 0.848105
8 0.203767 0.166956 0.0485861 0.0344515 0.812481
3 0.372897 0.755425 0.167663 0.0758956 0.633136
3 0.437947 0.416306 0.246777 0.104684 0.356998
8 0.0373215 0.946208 0.0742633 0.0672828 0.172847
4 0.416771 0.756058 0.296591 0.402056 0.0459054
8 0.0381048 0.973574 0.0733428 0.0144171 0.0351559
8 0.0385915 0.97311 0.0729797 0.015172 0.0322243
8 0.0376504 0.975974 0.0737012 0.0148879 0.0208517
8 0.0370568 0.946491 0.0740904 0.0665162 0.0170069
