4 0.397917 0.668742 0.174336 0.29441 0.932623
8 0.155767 0.973103 0.0828066 0.0513117 0.895402
4 0.392988 0.451588 0.172894 0.134814 0.609521
3 0.387855 0.424207 0.189927 0.0721775 0.546511
3 0.367756 0.675495 0.107661 0.0585047 0.411518
3 0.368213 0.674807 0.11083 0.0568042 0.218263
7 0.620294 0.5315 0.225362 0.332229 0.053991
3 0.361499 0.506949 0.10907 0.0643904 0.0509111
4 0.390662 0.493066 0.17455 0.211106 0.0335704
7 0.617569 0.598009 0.228855 0.447803 0.0283776
7 0.618306 0.587919 0.228589 0.447705 0.0191195
4 0.390869 0.494198 0.182202 0.215106 0.0118316
3 0.36286 0.510743 0.114271 0.0634279 0.0115563
3 0.409586 0.611413 0.168622 0.182679 0.0109479
7 0.619092 0.577029 0.23187 0.435553 0.0104744
