3 0.47027 0.643159 0.350997 0.195832 0.907649
5 0.53049 0.817381 0.167041 0.277866 0.848189
3 0.778159 0.673777 0.196275 0.0902712 0.837783
8 0.956999 0.350736 0.0495878 0.0394111 0.785753
5 0.687434 0.819377 0.081151 0.330124 0.759411
5 0.324054 0.717889 0.046196 0.269141 0.604245
5 0.324283 0.699634 0.043129 0.228583 0.191478
5 0.54739 0.779468 0.136485 0.204041 0.0492941
3 0.469105 0.636216 0.350743 0.182975 0.0439051
5 0.323306 0.685118 0.0420862 0.198253 0.0165598
5 0.705388 0.790403 0.0403791 0.262439 0.0153276
