8 0.939356 0.822128 0.0806021 0.0917548 0.911166
3 0.445278 0.586888 0.253965 0.137447 0.886523
3 0.659073 0.670719 0.145709 0.112932 0.880475
4 0.380757 0.496001 0.372504 0.490193 0.709017
4 0.381711 0.497228 0.362827 0.495906 0.534029
5 0.695555 0.782719 0.0506164 0.232629 0.215056
5 0.698351 0.762706 0.0468349 0.19014 0.151554
5 0.609386 0.633477 0.0354135 0.090776 0.0960295
5 0.345979 0.674091 0.0304811 0.178109 0.0764517
4 0.385477 0.497854 0.372076 0.504605 0.0671509
4 0.382422 0.496807 0.367815 0.497651 0.0388724
5 0.344745 0.679628 0.0306619 0.193665 0.0371022
5 0.346843 0.68925 0.0303025 0.205211 0.0338418
5 0.610463 0.638359 0.040549 0.0961286 0.032407
5 0.698048 0.77262 0.0505334 0.212234 0.0176319
5 0.608635 0.63139 0.0295637 0.0853377 0.0139799
5 0.342155 0.654854 0.0419829 0.229481 0.0127736
5 0.34412 0.662739 0.0296512 0.15918 0.0121331
5 0.687372 0.795547 0.0283159 0.210428 0.0103114
5 0.681254 0.800749 0.0177271 0.195308 0.0102409
