3 0.617774 0.506602 0.227775 0.0662335 0.882169
3 0.355835 0.513183 0.131954 0.0444176 0.821529
8 0.0372456 0.08773 0.0450808 0.0329549 0.808973
8 0.931918 0.970376 0.0639355 0.0471534 0.788736
5 0.700942 0.581689 0.0367331 0.143606 0.571524
5 0.531282 0.548496 0.053124 0.152425 0.170923
5 0.700942 0.578852 0.0329109 0.134094 0.143225
8 0.0109911 0.942158 0.0219822 0.074679 0.0401638
8 0.0335003 0.941777 0.0670006 0.0733583 0.0120498
5 0.530543 0.541462 0.0453078 0.127242 0.0105538
8 0.00756741 0.941929 0.0151348 0.0742706 0.0105363
5 0.701073 0.561869 0.0435131 0.150965 0.01047
