3 0.584166 0.48212 0.254374 0.0993578 0.868464
3 0.296867 0.519947 0.135221 0.0569071 0.851071
8 0.0726512 0.06719 0.0429501 0.0350944 0.812043
8 0.141437 0.957435 0.0702682 0.0276938 0.766791
5 0.534558 0.645988 0.16048 0.394608 0.729943
5 0.689245 0.532925 0.0494276 0.276457 0.556464
5 0.689555 0.573168 0.0385338 0.177945 0.460389
5 0.37688 0.686579 0.0761573 0.30865 0.261522
5 0.689333 0.566973 0.036269 0.164001 0.244191
5 0.699567 0.441399 0.0229461 0.0869995 0.0398749
5 0.69069 0.517957 0.033511 0.229495 0.0351788
5 0.689389 0.557573 0.0331664 0.137087 0.0297491
8 0.138434 0.919706 0.0744452 0.104328 0.0210448
5 0.699592 0.438781 0.020963 0.0811353 0.0185937
5 0.354571 0.610146 0.0298563 0.145288 0.0168071
8 0.138749 0.9265 0.0770033 0.0888743 0.0143089
5 0.352406 0.596544 0.0245161 0.117595 0.0138825
5 0.357122 0.631932 0.0376919 0.193114 0.0126185
