4 0.540611 0.584015 0.308399 0.372664 0.93731
3 0.211655 0.36413 0.102924 0.0538281 0.866042
8 0.0542644 0.0768746 0.0750108 0.0704601 0.862974
3 0.292902 0.540089 0.150543 0.103547 0.802798
5 0.243067 0.596935 0.0386619 0.201257 0.0519885
5 0.35426 0.554049 0.0303093 0.156287 0.0508384
5 0.2495 0.580999 0.0587322 0.228689 0.0472499
5 0.35468 0.563089 0.0298543 0.138951 0.0287914
5 0.241865 0.582073 0.0373248 0.177666 0.0147996
5 0.358864 0.576703 0.0269769 0.151973 0.0119314
5 0.358582 0.572205 0.0273217 0.196688 0.0114103
