3 0.545107 0.513397 0.211165 0.0843996 0.843742
8 0.0205603 0.0861062 0.0313744 0.036955 0.464325
3 0.325596 0.516646 0.157464 0.0742273 0.400589
8 0.0205194 0.0863273 0.0310053 0.0371944 0.28308
8 0.00680447 0.226642 0.0136089 0.0191348 0.275958
0 0.356452 0.432735 0.236635 0.227366 0.22647
8 0.00685993 0.224383 0.0137199 0.0218925 0.0765609
8 0.00735676 0.208573 0.0147135 0.058302 0.0570247
8 0.00752424 0.192971 0.0150485 0.0907925 0.0338549
3 0.29447 0.4129 0.0914715 0.0632183 0.027413
5 0.472104 0.713137 0.0459591 0.391843 0.0125313
8 0.00731295 0.182935 0.0146259 0.105711 0.0105602
