3 0.569816 0.436968 0.211808 0.0859403 0.848159
8 0.0225982 0.08704 0.0286767 0.0346796 0.76911
8 0.035951 0.378696 0.0595618 0.0801229 0.563015
8 0.0375067 0.407064 0.0557746 0.0262266 0.368423
5 0.654662 0.49621 0.0231849 0.134162 0.313881
5 0.504916 0.543579 0.0776894 0.258818 0.104462
5 0.497811 0.495248 0.0629878 0.161057 0.0902983
5 0.498785 0.515044 0.0650603 0.192748 0.0693561
3 0.265949 0.344505 0.0877479 0.066452 0.0665647
5 0.655294 0.505963 0.0273164 0.162414 0.0558395
8 0.0229003 0.0870936 0.0291652 0.0347236 0.0461159
5 0.502296 0.533409 0.0738622 0.242069 0.010977
