4 0.338849 0.485468 0.639589 0.460987 0.963378
8 0.952328 0.300439 0.0650193 0.0734136 0.863553
3 0.737821 0.572631 0.142091 0.086521 0.83691
5 0.353371 0.739952 0.116001 0.481283 0.798516
3 0.464555 0.586321 0.258632 0.120302 0.626639
5 0.56929 0.559204 0.0605757 0.137309 0.52807
5 0.353332 0.738734 0.114344 0.48203 0.416797
3 0.46475 0.608874 0.269938 0.172174 0.223265
3 0.464104 0.602676 0.263568 0.157786 0.121489
5 0.511073 0.84622 0.0570445 0.28999 0.0341971
5 0.572311 0.542751 0.0517517 0.101975 0.0205645
