8 0.091588 0.86335 0.0736241 0.0324386 0.680503
0 0.462838 0.238905 0.387067 0.0561879 0.517147
4 0.451168 0.604211 0.149481 0.660188 0.474713
3 0.308604 0.630038 0.183578 0.0985764 0.467742
4 0.41292 0.604365 0.152286 0.660495 0.408981
8 0.0203235 0.954587 0.0406469 0.0203731 0.39847
8 0.0910458 0.863156 0.0746816 0.0321001 0.372816
4 0.401459 0.59177 0.144409 0.634189 0.315435
3 0.300076 0.629951 0.165818 0.0977094 0.272279
3 0.406998 0.631428 0.371373 0.113905 0.26001
4 0.403855 0.524154 0.100293 0.518817 0.183275
3 0.469296 0.756347 0.321439 0.0767921 0.140995
4 0.450258 0.525499 0.134923 0.514504 0.119098
4 0.47758 0.394164 0.0938132 0.305592 0.104279
4 0.475725 0.396446 0.0969946 0.336382 0.0765762
4 0.454161 0.61909 0.145564 0.679354 0.0683888
4 0.451661 0.468816 0.121709 0.413018 0.0564157
7 0.191204 0.274471 0.29799 0.243004 0.052769
4 0.39341 0.401557 0.0827188 0.318509 0.0505918
4 0.314295 0.589799 0.205444 0.634065 0.0361373
3 0.299801 0.624788 0.168353 0.0862987 0.0319879
4 0.514782 0.602849 0.174415 0.662317 0.0302574
4 0.462838 0.238905 0.387067 0.0561879 0.0269282
4 0.402489 0.465332 0.0873208 0.432571 0.0201869
4 0.394879 0.401367 0.0744361 0.275969 0.0195789
3 0.462838 0.238905 0.387067 0.0561879 0.0172094
4 0.404119 0.538305 0.0997076 0.540677 0.0165022
4 0.482889 0.390355 0.0805453 0.25209 0.0153451
4 0.452713 0.436537 0.121041 0.345084 0.0149191
4 0.395762 0.377607 0.0631694 0.206739 0.0143973
4 0.531558 0.519919 0.086823 0.512445 0.0142707
4 0.474422 0.407488 0.100074 0.33942 0.013967
3 0.324416 0.661665 0.169283 0.0529232 0.0123389
4 0.393301 0.410592 0.0843 0.32949 0.0121421
4 0.51971 0.592741 0.141853 0.629051 0.0120453
5 0.604658 0.811687 0.0438591 0.132254 0.0105798
0 0.469296 0.756347 0.321439 0.0767921 0.01039
3 0.299739 0.61637 0.169391 0.0695661 0.0100294
