8 0.0629604 0.651398 0.125921 0.0958043 0.905503
3 0.576306 0.854697 0.269487 0.0829981 0.808631
3 0.319324 0.743494 0.284421 0.108811 0.795116
4 0.674918 0.67439 0.283096 0.651221 0.775893
4 0.288355 0.680778 0.100962 0.638444 0.629573
4 0.280078 0.679685 0.120503 0.64063 0.488719
5 0.677257 0.890081 0.0686919 0.219839 0.230853
4 0.365895 0.678613 0.265203 0.642775 0.0582157
5 0.17843 0.865629 0.0465316 0.268741 0.0412496
5 0.474964 0.899973 0.0678918 0.199184 0.0370481
4 0.299555 0.677937 0.129685 0.644126 0.0355082
4 0.249578 0.662071 0.149787 0.604967 0.0258716
3 0.3855 0.74234 0.136361 0.0980086 0.0226251
5 0.679258 0.888303 0.064909 0.220557 0.0215044
4 0.279825 0.587016 0.0947275 0.467016 0.0177065
5 0.474618 0.889317 0.0565785 0.17476 0.017489
4 0.5 0.0657821 1 0.131564 0.0171265
3 0.387492 0.739888 0.128439 0.101968 0.010825
5 0.179028 0.861605 0.045281 0.276789 0.0105737
