3 0.520497 0.623402 0.192993 0.107317 0.869663
8 0.162958 0.0803677 0.0501229 0.0334903 0.814348
3 0.613828 0.624346 0.158588 0.0846469 0.74714
5 0.602093 0.660452 0.128576 0.341559 0.399466
5 0.578062 0.649639 0.072336 0.202895 0.0454804
5 0.575754 0.723261 0.15759 0.480299 0.0192464
5 0.582525 0.717561 0.152697 0.460602 0.0190521
5 0.678781 0.663549 0.0373642 0.280785 0.0177671
5 0.577157 0.664971 0.0828491 0.230858 0.016958
5 0.675089 0.675863 0.0417962 0.361624 0.0156575
5 0.674692 0.677614 0.0414951 0.370298 0.0149339
