3 0.254187 0.538588 0.141302 0.0707813 0.838735
3 0.562761 0.522869 0.259621 0.0938169 0.824196
8 0.055328 0.204804 0.0445561 0.0350373 0.785821
8 0.0421799 0.389956 0.0654138 0.0224424 0.743384
5 0.670169 0.56735 0.0871975 0.213664 0.604782
5 0.323145 0.668967 0.101924 0.437961 0.533724
5 0.45919 0.580488 0.0906199 0.218968 0.396153
5 0.669662 0.563313 0.0769974 0.201284 0.367695
5 0.45652 0.559339 0.0810246 0.168174 0.352878
5 0.327084 0.573001 0.0949177 0.261398 0.232088
5 0.202334 0.585821 0.0320042 0.142004 0.12628
5 0.2013 0.574735 0.0286171 0.122017 0.0971352
5 0.199566 0.562132 0.0253271 0.100583 0.0284937
8 0.03982 0.349113 0.0719164 0.104509 0.0213514
5 0.457495 0.572307 0.0838264 0.191732 0.0190464
5 0.327223 0.577299 0.0551859 0.218077 0.0175804
5 0.328101 0.594342 0.053996 0.22965 0.0151896
8 0.0413352 0.379458 0.0691069 0.0469719 0.0106438
5 0.462958 0.611941 0.0929744 0.289665 0.0103951
