3 0.356929 0.506241 0.210559 0.0998314 0.856672
5 0.477064 0.553083 0.147756 0.238836 0.660838
8 0.140865 0.174318 0.100739 0.0209238 0.453803
8 0.141272 0.1746 0.102529 0.020021 0.42421
5 0.299681 0.452177 0.0823654 0.0881085 0.20587
5 0.300011 0.506858 0.0924644 0.20491 0.077721
5 0.297231 0.565234 0.0943389 0.303506 0.0582787
5 0.298897 0.519418 0.0920747 0.22418 0.0336264
8 0.140617 0.164557 0.102734 0.0415868 0.0257516
8 0.142279 0.138247 0.0997672 0.0926154 0.0195455
5 0.297021 0.597044 0.092698 0.35463 0.0109516
