8 0.90763 0.535175 0.0907063 0.122041 0.926512
3 0.445205 0.524982 0.285798 0.0938332 0.882295
8 0.80668 0.158854 0.0446056 0.0352037 0.817829
5 0.567035 0.629914 0.0265951 0.194831 0.487137
5 0.359049 0.590345 0.077961 0.099937 0.330473
5 0.566613 0.617573 0.0252654 0.173637 0.319957
3 0.691326 0.43333 0.0844913 0.0520627 0.0644527
5 0.566984 0.650271 0.0290574 0.24015 0.0135886
5 0.355016 0.579004 0.0802011 0.0959127 0.0131753
5 0.567938 0.663333 0.031112 0.26695 0.0125106
5 0.566968 0.595588 0.0213263 0.120972 0.0110762
