8 0.905948 0.948092 0.140232 0.102052 0.901248
3 0.60588 0.491163 0.334572 0.106205 0.878822
3 0.26852 0.481614 0.16695 0.0652774 0.843793
5 0.465295 0.598872 0.0638417 0.325972 0.719115
5 0.32595 0.584257 0.0809279 0.266377 0.583453
5 0.705341 0.545071 0.117645 0.154149 0.517789
5 0.323413 0.557024 0.0693529 0.201067 0.143564
5 0.46792 0.5965 0.0528 0.247809 0.0889478
5 0.319764 0.566324 0.0681522 0.215624 0.0516525
3 0.269359 0.359363 0.112385 0.0442843 0.0436675
5 0.710922 0.538386 0.133029 0.178211 0.0403316
5 0.463524 0.602817 0.0627432 0.33086 0.0258123
5 0.312647 0.635645 0.0905052 0.36569 0.0124136
5 0.461536 0.553063 0.0483753 0.214003 0.0111882
