8 0.957828 0.882397 0.0779713 0.0843681 0.909506
3 0.495281 0.719716 0.173627 0.128487 0.876811
3 0.760984 0.71465 0.109995 0.0868694 0.840635
5 0.567338 0.741743 0.0249061 0.211667 0.400589
5 0.724474 0.822623 0.021579 0.228131 0.133061
5 0.720348 0.784521 0.0298062 0.300677 0.0948823
5 0.426228 0.744133 0.0355671 0.153599 0.0622451
5 0.430152 0.765421 0.0324804 0.123353 0.0218188
5 0.565227 0.744707 0.0262963 0.208537 0.0216371
5 0.427445 0.751519 0.0364579 0.15927 0.0197066
5 0.724578 0.830156 0.0210842 0.243613 0.0185395
5 0.565251 0.735134 0.0264372 0.186228 0.0126608
5 0.724507 0.815165 0.0210565 0.206775 0.0123903
5 0.431938 0.77616 0.0352542 0.133348 0.011634
5 0.724604 0.802371 0.019744 0.1745 0.0103395
5 0.56626 0.790952 0.0219679 0.135936 0.0103098
