3 0.553784 0.464264 0.320108 0.0958501 0.862699
8 0.134758 0.895008 0.0472731 0.0347329 0.808195
5 0.466285 0.57396 0.104609 0.208419 0.600099
5 0.68372 0.523903 0.0374368 0.132282 0.287887
8 0.00959617 0.429781 0.0191923 0.0234309 0.204513
5 0.683704 0.53251 0.0433352 0.157126 0.172152
5 0.467548 0.566776 0.100089 0.187087 0.123122
5 0.468029 0.574767 0.0981111 0.197462 0.110949
3 0.27163 0.456677 0.183221 0.0600806 0.0374485
8 0.010255 0.429039 0.02051 0.024235 0.0167724
8 0.00672016 0.396515 0.0134403 0.0960184 0.0144545
