3 0.475125 0.474544 0.218129 0.130533 0.866572
5 0.320075 0.653619 0.0718575 0.345953 0.791444
3 0.265717 0.638626 0.162365 0.102085 0.768517
5 0.563474 0.511364 0.0541253 0.211534 0.762589
8 0.0268221 0.087554 0.0426165 0.0332696 0.723741
5 0.206216 0.713181 0.0552683 0.307739 0.698236
5 0.407998 0.532287 0.0803585 0.170011 0.544014
5 0.565196 0.514322 0.0578172 0.243565 0.404406
5 0.406005 0.528094 0.0752956 0.165952 0.18446
8 0.0263979 0.0873652 0.0436732 0.0336259 0.0598498
5 0.204852 0.690138 0.047995 0.263718 0.0249266
5 0.333838 0.701219 0.0389944 0.220696 0.0221086
5 0.206689 0.717429 0.0547963 0.310645 0.0141822
5 0.192448 0.492131 0.0211866 0.116054 0.0134774
5 0.206398 0.702545 0.0502226 0.266475 0.0131998
5 0.193919 0.573609 0.0287373 0.276196 0.0110789
