3 0.563658 0.657986 0.178396 0.0769762 0.864243
3 0.32655 0.534365 0.128107 0.0590988 0.827916
8 0.156648 0.21693 0.0379183 0.0163337 0.707612
5 0.265973 0.578097 0.0320091 0.121381 0.340581
5 0.26818 0.570082 0.0251961 0.0998613 0.12439
5 0.263881 0.588585 0.0404415 0.143994 0.048508
5 0.471162 0.742049 0.0457688 0.279012 0.0436879
5 0.223658 0.657778 0.116789 0.29074 0.0279773
5 0.475427 0.712786 0.0472111 0.327815 0.0169031
5 0.477041 0.710632 0.0464729 0.323764 0.0154264
5 0.475175 0.75942 0.0374757 0.213654 0.0140896
