3 0.513507 0.567716 0.194624 0.0524554 0.853094
3 0.381514 0.464634 0.179382 0.0598079 0.840442
8 0.0362204 0.0631231 0.0681149 0.0149766 0.329712
8 0.0357035 0.0618253 0.0691804 0.0168326 0.317532
5 0.314208 0.507469 0.0303553 0.0932894 0.267125
5 0.410842 0.608509 0.0574573 0.215094 0.191188
5 0.593188 0.577039 0.0385786 0.138051 0.177683
5 0.413376 0.577163 0.0832154 0.283489 0.141141
5 0.314763 0.512135 0.035698 0.113031 0.128727
5 0.592864 0.568814 0.0367262 0.102192 0.0642375
5 0.588508 0.557846 0.044578 0.0673838 0.0407753
5 0.59151 0.566637 0.0395844 0.0718402 0.0314063
8 0.0359503 0.0387527 0.0711243 0.063319 0.0267396
5 0.585643 0.545077 0.0440316 0.0637891 0.0267125
8 0.0362421 0.046163 0.0721615 0.0484459 0.0209297
5 0.591454 0.575554 0.0504381 0.139634 0.0192773
5 0.591361 0.589688 0.0412354 0.15654 0.0192516
5 0.319314 0.494443 0.0357453 0.143992 0.0156136
5 0.59037 0.583115 0.0468838 0.137616 0.012446
5 0.411183 0.611144 0.0596986 0.221755 0.0117517
