3 0.29455 0.593906 0.175235 0.0698336 0.791896
8 0.0890001 0.157151 0.0467369 0.0351449 0.759294
3 0.635329 0.710543 0.237341 0.0952844 0.564458
3 0.635184 0.70975 0.237337 0.0958152 0.271121
5 0.544699 0.732264 0.0865862 0.298558 0.246856
8 0.0110322 0.384473 0.0184847 0.0148568 0.145789
8 0.0102502 0.384647 0.0205005 0.014208 0.106407
8 0.0133639 0.385009 0.0239937 0.0145596 0.0567054
5 0.738755 0.726626 0.0409106 0.299878 0.0417684
5 0.55296 0.787173 0.106455 0.410727 0.0300752
5 0.324011 0.827268 0.0450942 0.340107 0.0191934
5 0.537798 0.694975 0.0605773 0.226016 0.0126421
5 0.738198 0.763464 0.0306727 0.271504 0.011145
5 0.727892 0.725953 0.0518566 0.300298 0.0102369
