8 0.134466 0.826101 0.149852 0.0779432 0.901021
3 0.574521 0.458217 0.47083 0.109605 0.847868
5 0.709536 0.561324 0.127242 0.16742 0.436389
5 0.390628 0.631886 0.105969 0.421455 0.307241
5 0.379662 0.467173 0.0741519 0.101499 0.0472225
5 0.71264 0.551896 0.115472 0.144968 0.0460975
5 0.378129 0.460496 0.0688924 0.08974 0.0392308
5 0.373803 0.462539 0.0676332 0.0878169 0.0312004
5 0.381617 0.477006 0.0793222 0.120774 0.0263316
5 0.705819 0.564813 0.124249 0.165984 0.0196414
5 0.709142 0.564973 0.140533 0.181796 0.0180014
5 0.385554 0.511396 0.0926244 0.183949 0.0131128
5 0.383426 0.490676 0.0858515 0.146885 0.0104968
