8 0.90099 0.916495 0.100693 0.0887346 0.920553
3 0.480889 0.612311 0.219592 0.106623 0.862671
3 0.785838 0.554843 0.149622 0.0746112 0.833783
5 0.579499 0.67453 0.0759706 0.377065 0.824284
5 0.395692 0.717577 0.0472493 0.283215 0.795137
5 0.849354 0.594138 0.0282154 0.169546 0.739442
5 0.712794 0.701348 0.0639391 0.502448 0.459388
5 0.713501 0.698832 0.0642337 0.495467 0.39894
5 0.825626 0.85929 0.0307961 0.256438 0.0476393
5 0.395329 0.710351 0.043891 0.267575 0.0206453
5 0.395907 0.729812 0.0448766 0.267649 0.0158279
5 0.829408 0.86429 0.0288755 0.271419 0.0101308
