3 0.45286 0.667584 0.185118 0.109569 0.893057
8 0.948654 0.154332 0.0554263 0.0754652 0.86586
3 0.724599 0.630358 0.129353 0.0745469 0.862184
5 0.658899 0.673166 0.0573109 0.274147 0.459766
5 0.382968 0.763122 0.0399737 0.204508 0.409094
5 0.384235 0.778214 0.0437564 0.236125 0.344264
8 0.965224 0.960069 0.069178 0.0766828 0.201677
5 0.519792 0.725863 0.0965049 0.34831 0.124717
5 0.531971 0.669193 0.0660046 0.224471 0.0927011
5 0.522529 0.71555 0.0899085 0.328775 0.0533607
5 0.531391 0.661844 0.0754072 0.223607 0.0461353
5 0.781792 0.652673 0.0404817 0.133149 0.0404677
5 0.781252 0.6553 0.0435584 0.158081 0.015198
