8 0.128162 0.0949947 0.155649 0.171593 0.948678
3 0.551713 0.477011 0.189856 0.128232 0.875595
5 0.472226 0.506961 0.0655784 0.280927 0.376618
5 0.617282 0.547983 0.0485091 0.106412 0.178663
5 0.61892 0.538466 0.0438619 0.091653 0.0879806
5 0.61584 0.559605 0.0541681 0.13588 0.0551302
5 0.47458 0.514382 0.0520408 0.273909 0.0439533
5 0.620344 0.51927 0.0447753 0.128923 0.0336498
5 0.620449 0.526594 0.0400895 0.0875398 0.025784
5 0.468511 0.644612 0.0631068 0.546486 0.0129809
5 0.62227 0.511247 0.0399037 0.114277 0.0124705
