8 0.91929 0.368858 0.127084 0.1093 0.916028
3 0.654298 0.539906 0.145918 0.0599183 0.844084
3 0.361862 0.581985 0.207294 0.0825356 0.827465
5 0.284604 0.607221 0.062588 0.165229 0.820056
5 0.467931 0.652123 0.0809084 0.313293 0.767473
5 0.602466 0.613998 0.0625595 0.212499 0.285602
5 0.603802 0.629971 0.076608 0.254308 0.253487
5 0.474419 0.702118 0.090272 0.411125 0.157514
5 0.611568 0.69474 0.106244 0.385928 0.14014
5 0.601028 0.631154 0.0768548 0.263315 0.0421892
5 0.614906 0.638553 0.0436607 0.247036 0.0226359
