8 0.229939 0.435456 0.0736046 0.0973623 0.928509
3 0.560787 0.718575 0.131709 0.115374 0.849673
3 0.396802 0.648116 0.0963373 0.0684471 0.828917
3 0.325893 0.439583 0.0560864 0.0530784 0.828726
5 0.524784 0.8011 0.0629001 0.270956 0.823862
5 0.356857 0.746568 0.0487823 0.40857 0.808836
5 0.437221 0.752622 0.0379933 0.375269 0.652936
5 0.608219 0.679172 0.0365123 0.22091 0.456156
5 0.609449 0.677163 0.0339282 0.203359 0.319535
5 0.609339 0.670584 0.0336975 0.205296 0.182935
5 0.437806 0.68136 0.0315836 0.223555 0.0245358
5 0.525153 0.802569 0.0571206 0.215451 0.0226406
5 0.437385 0.750427 0.0366554 0.371334 0.016672
5 0.437186 0.664252 0.0323023 0.188054 0.0125031
