8 0.683938 0.513802 0.0624847 0.0893249 0.905048
3 0.43352 0.585991 0.0909125 0.0813638 0.786738
3 0.398659 0.532534 0.0844412 0.0665302 0.724787
5 0.381639 0.623425 0.0545485 0.377797 0.448265
5 0.465004 0.563418 0.0346468 0.10685 0.434369
5 0.466576 0.558504 0.0308956 0.0959257 0.402595
5 0.371416 0.532827 0.0316996 0.214916 0.0758967
5 0.463597 0.567813 0.0373552 0.11335 0.0627217
5 0.363338 0.555009 0.0186728 0.128442 0.0250891
5 0.36624 0.54999 0.023703 0.159284 0.0193457
5 0.367914 0.545605 0.0266444 0.134028 0.0156963
5 0.372076 0.543177 0.0354757 0.232091 0.01493
