3 0.434812 0.646802 0.310198 0.140448 0.843772
8 0.103203 0.720162 0.0519197 0.0340081 0.823106
5 0.558725 0.668788 0.0627117 0.16396 0.577511
8 0.955465 0.933825 0.0215984 0.0700177 0.29328
5 0.560491 0.663581 0.0608044 0.162516 0.253984
5 0.300536 0.674158 0.0332748 0.190451 0.248955
5 0.299874 0.680792 0.0335812 0.198126 0.244053
8 0.955821 0.933033 0.0216097 0.0715146 0.228726
5 0.723222 0.829663 0.059014 0.319013 0.161714
5 0.300521 0.667132 0.0316428 0.167465 0.049406
8 0.957113 0.935201 0.012749 0.0735074 0.030856
5 0.300237 0.672936 0.0410727 0.202825 0.0256274
8 0.95739 0.927468 0.0124715 0.058771 0.0213652
3 0.911012 0.451771 0.111802 0.0626225 0.0175887
8 0.955443 0.937975 0.0212775 0.0715964 0.0166393
3 0.909513 0.452176 0.115214 0.0639255 0.011808
