8 0.868511 0.239437 0.0663044 0.04332 0.863429
3 0.407434 0.487827 0.21035 0.0723121 0.861418
5 0.32204 0.515085 0.0402954 0.138017 0.123059
5 0.324413 0.527673 0.0489032 0.167518 0.109864
3 0.694112 0.34834 0.083852 0.0422706 0.0715731
5 0.320584 0.503232 0.0339371 0.109755 0.0658322
8 0.221741 0.125019 0.031323 0.0158831 0.0648851
8 0.220688 0.123924 0.0321786 0.0183438 0.0517879
5 0.49456 0.543056 0.0369998 0.221961 0.0236169
5 0.319693 0.495795 0.0313247 0.0923295 0.0224441
5 0.495401 0.517692 0.03426 0.166339 0.0216615
5 0.496281 0.503628 0.0302838 0.131114 0.0173575
5 0.50116 0.496083 0.0285171 0.130254 0.0102215
