3 0.468831 0.606541 0.2736 0.157212 0.871086
8 0.950005 0.271202 0.0649055 0.101338 0.870809
3 0.720791 0.596821 0.144748 0.078566 0.849896
5 0.369835 0.724191 0.103281 0.416375 0.825617
8 0.959746 0.096841 0.0421891 0.0380876 0.777686
5 0.553749 0.672641 0.113191 0.265026 0.616332
5 0.632617 0.758539 0.0779381 0.32593 0.2909
5 0.650693 0.70155 0.0445454 0.213491 0.0834457
5 0.648819 0.712363 0.0470709 0.237665 0.0832222
5 0.653837 0.685844 0.0380529 0.18253 0.0266395
5 0.582498 0.630846 0.0586799 0.173872 0.0195333
5 0.657676 0.667539 0.0287566 0.141044 0.0194127
5 0.660226 0.656694 0.0220442 0.117472 0.0134541
