8 0.941273 0.913117 0.0790648 0.0625558 0.909993
3 0.450673 0.571472 0.29733 0.0867866 0.65253
5 0.541173 0.698397 0.0950727 0.232318 0.614015
3 0.759263 0.538451 0.0876897 0.0507867 0.389538
5 0.546071 0.681032 0.0876143 0.198199 0.264311
3 0.450236 0.588667 0.297507 0.117546 0.221434
5 0.321652 0.615476 0.0241919 0.122229 0.0640793
5 0.322963 0.611371 0.0247211 0.112126 0.0537079
5 0.324489 0.632621 0.0312164 0.161703 0.0522715
5 0.324924 0.64593 0.0361656 0.185764 0.0512111
5 0.32134 0.605747 0.0228632 0.102719 0.0213862
5 0.546524 0.661099 0.0806106 0.152399 0.0206514
5 0.323586 0.620918 0.0270248 0.138571 0.0167804
