3 0.603129 0.603563 0.219313 0.140916 0.861786
3 0.302431 0.65252 0.132332 0.0845404 0.843437
3 0.220391 0.446912 0.10478 0.0578267 0.843069
8 0.0630396 0.272675 0.0373755 0.0335073 0.818812
5 0.534381 0.672068 0.0689798 0.12743 0.601517
5 0.379132 0.798232 0.0575829 0.293688 0.510456
8 0.0187507 0.125929 0.0245996 0.0144248 0.496997
5 0.692206 0.594427 0.050454 0.261371 0.465793
5 0.246896 0.675502 0.0336342 0.179442 0.168198
5 0.373489 0.761093 0.0470315 0.213756 0.120149
5 0.692785 0.51527 0.0496232 0.111608 0.11678
5 0.247081 0.66452 0.0296839 0.155943 0.106666
5 0.374705 0.766242 0.0464773 0.22734 0.0952472
5 0.697959 0.631182 0.0270619 0.181152 0.0925126
8 0.0184825 0.125038 0.025146 0.0157753 0.0828012
5 0.244539 0.669399 0.0299922 0.168614 0.0378869
5 0.693684 0.610634 0.0353525 0.201663 0.0293635
5 0.365631 0.734211 0.0276433 0.148954 0.0244387
5 0.693312 0.598937 0.0366405 0.206831 0.0215029
5 0.550631 0.776756 0.0861963 0.329309 0.0190877
5 0.247249 0.684876 0.0359553 0.194512 0.016293
5 0.246708 0.653602 0.0265744 0.1237 0.0157355
5 0.372257 0.753718 0.0434454 0.198614 0.0146606
5 0.695849 0.619959 0.0309992 0.190515 0.0136997
5 0.244017 0.658381 0.0256595 0.138299 0.0133431
7 0.758718 0.484482 0.129858 0.260854 0.0117783
