8 0.0742596 0.935651 0.082064 0.0776317 0.897713
3 0.644072 0.66595 0.257001 0.162625 0.870741
3 0.293628 0.719631 0.149403 0.0798765 0.858694
3 0.202977 0.476721 0.122911 0.0714506 0.852744
5 0.378531 0.851534 0.0541259 0.274505 0.386747
5 0.573501 0.824319 0.0932662 0.321892 0.12522
5 0.224395 0.695445 0.0225436 0.133794 0.0434432
5 0.375178 0.846715 0.0420289 0.24584 0.034278
5 0.225368 0.705218 0.027214 0.15681 0.0265089
5 0.22361 0.688137 0.0201936 0.116325 0.0244053
5 0.226426 0.715925 0.0305526 0.177956 0.0208325
5 0.227394 0.727556 0.0306037 0.194462 0.0170728
5 0.376229 0.860776 0.044079 0.249989 0.0148136
5 0.559685 0.730965 0.067704 0.139357 0.0118035
5 0.555196 0.719992 0.0559608 0.112907 0.0114242
