3 0.562857 0.615849 0.265958 0.136233 0.859373
3 0.227085 0.663959 0.158871 0.0870098 0.808551
8 0.0309666 0.0871453 0.0413409 0.0344681 0.802809
5 0.293984 0.670319 0.0293742 0.169778 0.0592514
5 0.476608 0.694732 0.0629289 0.168277 0.0565204
5 0.670184 0.651819 0.044756 0.171926 0.0535856
5 0.480903 0.713538 0.0842077 0.253534 0.0407267
5 0.670498 0.645491 0.0432513 0.156714 0.029442
3 0.193133 0.443396 0.148715 0.0573184 0.0205958
5 0.670197 0.639219 0.0613192 0.221213 0.0196847
5 0.293965 0.693073 0.0322327 0.219316 0.014786
5 0.294365 0.660223 0.0267578 0.131357 0.012344
5 0.474854 0.68393 0.0617016 0.15859 0.0115312
