8 0.0476981 0.327501 0.0732816 0.0737914 0.871054
3 0.48319 0.522971 0.228696 0.0845451 0.845895
5 0.390228 0.638851 0.0773357 0.288512 0.561227
3 0.516865 0.582455 0.187848 0.103198 0.0782862
5 0.451027 0.624798 0.125633 0.275024 0.0579771
5 0.570383 0.56395 0.0680724 0.0936151 0.0489166
5 0.572583 0.55723 0.0601023 0.0882678 0.0480341
3 0.513459 0.588279 0.200129 0.103914 0.0455477
5 0.57481 0.523749 0.0574876 0.151622 0.035029
5 0.570941 0.49166 0.063134 0.109435 0.0304985
5 0.349303 0.740479 0.162561 0.488381 0.0269378
5 0.572887 0.535491 0.0717449 0.195489 0.0249116
5 0.397636 0.606869 0.0600017 0.224951 0.0221426
5 0.573947 0.543781 0.0573162 0.109874 0.0179366
5 0.572857 0.485078 0.0526164 0.0941584 0.0147889
5 0.397148 0.621023 0.0610726 0.255423 0.010176
