3 0.467884 0.475461 0.214022 0.0744061 0.838092
8 0.823403 0.869839 0.0605729 0.0353796 0.798078
5 0.556273 0.509707 0.133187 0.227405 0.769985
8 0.975369 0.826031 0.043622 0.0641028 0.753344
5 0.389335 0.487476 0.0551767 0.131945 0.449822
5 0.542605 0.511725 0.0985561 0.215489 0.20185
5 0.597059 0.508126 0.0604164 0.219018 0.0946981
5 0.386245 0.481214 0.0476013 0.096803 0.0367907
5 0.562373 0.507313 0.11968 0.215805 0.0274129
5 0.558984 0.509606 0.132131 0.22711 0.0227483
5 0.526625 0.614713 0.201435 0.439462 0.0186633
3 0.556287 0.411995 0.145602 0.0515174 0.017188
5 0.547094 0.500509 0.112192 0.188539 0.0119813
