8 0.952977 0.0942341 0.092161 0.0566004 0.865357
0 0.578752 0.571145 0.183533 0.033979 0.827381
0 0.582612 0.507846 0.196332 0.0388296 0.825188
7 0.281489 0.559372 0.474575 0.525849 0.217122
0 0.583286 0.507475 0.233534 0.244066 0.127477
0 0.60891 0.417031 0.167466 0.0332488 0.0300938
0 0.606024 0.40742 0.192003 0.0392419 0.0295458
0 0.59233 0.40542 0.207688 0.0400489 0.0238682
3 0.582612 0.507846 0.196332 0.0388296 0.0233672
0 0.578228 0.572608 0.184614 0.0329525 0.0188248
7 0.757519 0.506218 0.221707 0.355028 0.0181074
7 0.27856 0.504286 0.464669 0.41882 0.0170252
0 0.593561 0.395207 0.242498 0.0495911 0.0140188
0 0.597106 0.366273 0.275064 0.0401962 0.0139703
0 0.578434 0.551804 0.216493 0.13294 0.0102875
