8 0.919206 0.0370137 0.0537326 0.0340428 0.844953
3 0.790902 0.400219 0.103192 0.0607857 0.783702
0 0.464901 0.592412 0.0829591 0.0490083 0.617792
0 0.454254 0.662526 0.0840197 0.0522294 0.40997
0 0.517292 0.549746 0.196175 0.288579 0.235049
0 0.495707 0.474212 0.147686 0.0514729 0.180147
0 0.46572 0.607579 0.0919617 0.170484 0.151449
0 0.528952 0.419226 0.118521 0.0629509 0.138116
0 0.464206 0.582299 0.0876252 0.218886 0.0935081
0 0.477753 0.474979 0.10729 0.0517977 0.090451
0 0.531248 0.421886 0.123111 0.0698945 0.0554095
0 0.518931 0.416463 0.111309 0.0633279 0.0538632
0 0.443967 0.404552 0.173522 0.0750663 0.0495396
0 0.464109 0.476709 0.0780165 0.0505758 0.0435506
0 0.471217 0.475999 0.0903022 0.0509651 0.0419447
0 0.510486 0.461076 0.200704 0.078855 0.0417132
0 0.494237 0.40845 0.0920454 0.0636864 0.0403859
0 0.468866 0.580656 0.0974215 0.228811 0.0386332
0 0.466209 0.47515 0.0871712 0.0511724 0.03675
0 0.382381 0.386225 0.0641342 0.0449181 0.0340537
0 0.552186 0.424693 0.0828343 0.0639724 0.0337359
0 0.464305 0.410793 0.186327 0.0862457 0.0255865
0 0.513334 0.413742 0.105441 0.0590689 0.0221823
0 0.508132 0.443161 0.215477 0.118862 0.0208
0 0.496111 0.412852 0.0912607 0.0683753 0.0196841
0 0.522036 0.440136 0.163675 0.104653 0.0195268
0 0.48489 0.474918 0.124086 0.0517483 0.0193236
0 0.54451 0.421492 0.0959015 0.0620813 0.0190063
0 0.458659 0.476766 0.0773035 0.0529002 0.0183652
0 0.523312 0.420695 0.1384 0.0766904 0.0180412
0 0.457378 0.643308 0.0888947 0.0554855 0.016586
0 0.373668 0.384237 0.0627636 0.0463287 0.0162395
0 0.38065 0.388779 0.0578895 0.0454304 0.015712
0 0.565581 0.422706 0.0921419 0.0621193 0.0145141
0 0.472553 0.424599 0.251713 0.107798 0.0123763
0 0.551508 0.433537 0.0940877 0.0794023 0.0120216
0 0.455931 0.475167 0.0946659 0.0506905 0.0108771
0 0.563686 0.426598 0.0792585 0.0641536 0.0108538
0 0.523951 0.417332 0.123032 0.0608276 0.0102905
