8 0.0440516 0.24044 0.0738594 0.0790633 0.901766
3 0.298831 0.628682 0.149297 0.0890716 0.783067
3 0.241752 0.446387 0.106122 0.0735742 0.710322
3 0.62168 0.585218 0.326057 0.14584 0.582661
3 0.621277 0.586518 0.320586 0.141172 0.579665
5 0.746579 0.671169 0.0601965 0.231873 0.558939
5 0.745535 0.665855 0.0570482 0.215539 0.415208
5 0.746571 0.655705 0.0565974 0.198458 0.216643
5 0.503494 0.685191 0.0409209 0.109693 0.123959
5 0.50457 0.691612 0.0459883 0.126513 0.066791
5 0.747234 0.632353 0.0531056 0.144684 0.0188014
