3 0.519659 0.486832 0.226192 0.0930266 0.845965
8 0.0778728 0.361698 0.0364126 0.0345881 0.809211
3 0.466557 0.488511 0.139391 0.0679035 0.298808
5 0.612747 0.524545 0.0566482 0.252825 0.269326
5 0.617594 0.534395 0.0589698 0.231068 0.132111
3 0.473623 0.487093 0.148231 0.0797535 0.130988
3 0.468192 0.484949 0.143788 0.0697092 0.0444679
5 0.616241 0.526411 0.0658858 0.260602 0.0375833
3 0.474524 0.484497 0.150913 0.0775981 0.0297025
5 0.618767 0.523783 0.0543052 0.213563 0.0240762
5 0.414755 0.497696 0.0373839 0.11943 0.0125322
5 0.441418 0.617111 0.0856755 0.398399 0.0121578
