8 0.049871 0.902822 0.093381 0.0842638 0.889595
3 0.274657 0.698647 0.166061 0.0939179 0.854727
3 0.516672 0.714256 0.281213 0.154544 0.845489
5 0.660818 0.786088 0.164828 0.389946 0.844547
3 0.207545 0.497197 0.119476 0.0683432 0.756297
5 0.339552 0.811191 0.0348921 0.304474 0.351578
5 0.206609 0.664888 0.0426667 0.115982 0.131904
5 0.204281 0.660941 0.0375828 0.106955 0.127747
5 0.338526 0.822328 0.0296701 0.272684 0.109026
5 0.209221 0.663813 0.0467321 0.11187 0.0843964
5 0.339834 0.783344 0.028576 0.232285 0.0330556
5 0.339284 0.809446 0.0283386 0.257323 0.0318648
5 0.207735 0.660511 0.0418314 0.104898 0.0164517
5 0.398468 0.700482 0.030848 0.108404 0.0138201
5 0.398918 0.710302 0.032055 0.130311 0.0134309
5 0.339745 0.79496 0.0278283 0.241945 0.0134216
5 0.422122 0.615127 0.0403493 0.155265 0.0110506
