3 0.612982 0.529127 0.412556 0.0967174 0.886985
8 0.930018 0.369682 0.0435067 0.0343274 0.816775
5 0.761257 0.628546 0.105827 0.208505 0.526675
5 0.761504 0.619085 0.101344 0.195682 0.198429
8 0.0172203 0.965724 0.0284556 0.0154638 0.10178
5 0.760158 0.620728 0.102007 0.200235 0.0392807
8 0.0161545 0.962521 0.0293931 0.0231784 0.0341104
8 0.0156158 0.951057 0.0278844 0.0484257 0.0328593
5 0.454557 0.581874 0.0466103 0.0910488 0.020709
8 0.0152182 0.944074 0.0263288 0.0573913 0.0167741
5 0.455933 0.582462 0.0432264 0.0882707 0.0158747
