3 0.322732 0.602961 0.123273 0.0637876 0.871214
3 0.570002 0.612937 0.208994 0.121949 0.863922
5 0.497802 0.737721 0.108652 0.435913 0.860672
8 0.0230095 0.0850992 0.0309199 0.0336549 0.777301
8 0.0199156 0.131298 0.0236389 0.0194838 0.652994
5 0.283762 0.740305 0.0403458 0.308513 0.458185
5 0.28107 0.712676 0.0356884 0.258254 0.337522
5 0.498054 0.735555 0.108708 0.433954 0.142754
5 0.379232 0.688456 0.0228455 0.182058 0.0485092
8 0.0212533 0.124563 0.0273952 0.0336966 0.0332419
5 0.280611 0.703202 0.0338072 0.235837 0.0193993
5 0.376421 0.652371 0.0176169 0.164626 0.0186502
5 0.286841 0.739811 0.0406752 0.306388 0.0180314
5 0.2795 0.668684 0.0275207 0.167318 0.0169988
5 0.377414 0.673531 0.0203865 0.194185 0.0102714
