4 0.508549 0.350204 0.401753 0.338245 0.901719
8 0.896032 0.940038 0.0686256 0.0336693 0.840255
4 0.50851 0.348866 0.397443 0.342622 0.66914
8 0.903717 0.0723503 0.0452696 0.102753 0.350347
4 0.903717 0.0723503 0.0452696 0.102753 0.178817
3 0.556647 0.252097 0.310061 0.0794902 0.149396
4 0.905164 0.0727798 0.0452556 0.103551 0.0721807
5 0.689799 0.32231 0.0842638 0.125047 0.0490737
8 0.905164 0.0727798 0.0452556 0.103551 0.0413812
5 0.688811 0.317886 0.075992 0.116474 0.0343487
3 0.622544 0.253984 0.240186 0.0746699 0.0105276
