4 0.594294 0.400396 0.33875 0.330068 0.942488
3 0.273207 0.323142 0.107857 0.0482383 0.871055
8 0.894127 0.927779 0.0844785 0.0545913 0.86225
3 0.554839 0.436435 0.261249 0.0784135 0.825568
5 0.469096 0.566273 0.0387791 0.138742 0.167185
5 0.473615 0.566418 0.0374758 0.144673 0.154402
5 0.472285 0.575763 0.043857 0.167262 0.134476
5 0.669939 0.445129 0.034738 0.0904684 0.0766329
5 0.469291 0.556038 0.0347927 0.113076 0.0439675
5 0.468533 0.578395 0.0428408 0.16759 0.0290539
5 0.702615 0.446037 0.084675 0.104871 0.0151511
5 0.67088 0.446457 0.0451845 0.101252 0.0144271
