3 0.508865 0.4303 0.267832 0.0958233 0.840492
8 0.0419077 0.880538 0.0779657 0.0527084 0.835278
4 0.514966 0.383886 0.111574 0.347437 0.719354
5 0.607126 0.435664 0.0717581 0.132134 0.213078
5 0.604604 0.448648 0.0797351 0.161077 0.118619
5 0.396663 0.44455 0.0442874 0.156656 0.0695416
4 0.53301 0.319935 0.0594411 0.232721 0.0601283
5 0.39711 0.462674 0.0485357 0.197452 0.0527465
5 0.610645 0.431775 0.0619418 0.0996163 0.0439247
5 0.39718 0.482421 0.0525807 0.235871 0.0367568
5 0.395438 0.435752 0.0410913 0.126975 0.0246938
4 0.507699 0.38467 0.0993 0.343285 0.0234708
5 0.400051 0.560277 0.0471146 0.374373 0.0211665
5 0.40174 0.58978 0.0427379 0.404296 0.0145415
4 0.513987 0.428438 0.082816 0.259964 0.0141839
