4 0.536922 0.394433 0.123153 0.359842 0.921781
8 0.0790127 0.35126 0.138127 0.0981489 0.911986
3 0.478091 0.419376 0.359407 0.125251 0.866584
7 0.283084 0.404292 0.215113 0.365563 0.0776344
6 0.637025 0.552598 0.194109 0.375533 0.0710875
6 0.634856 0.556911 0.197391 0.382396 0.0578765
7 0.345187 0.375976 0.340059 0.403226 0.0388432
7 0.288549 0.545197 0.241998 0.413204 0.0369009
7 0.287298 0.398592 0.222139 0.357145 0.0256465
6 0.641086 0.522684 0.180271 0.326132 0.0230469
5 0.588374 0.452409 0.0768973 0.0743939 0.0186723
7 0.29112 0.553064 0.24452 0.433068 0.0160048
5 0.585524 0.493236 0.0891619 0.166103 0.0120979
3 0.53708 0.533918 0.122755 0.0856108 0.0110186
