8 0.06664 0.902848 0.104393 0.0986669 0.913041
3 0.568205 0.528278 0.316731 0.102794 0.875998
3 0.253831 0.474325 0.0979219 0.0537111 0.847006
5 0.469748 0.606367 0.0727388 0.0990414 0.0908678
5 0.468512 0.59972 0.066768 0.0864827 0.0383633
5 0.703451 0.555167 0.023033 0.0898667 0.0206357
5 0.706039 0.558262 0.0254805 0.103482 0.0190295
5 0.703728 0.547632 0.0191894 0.0779804 0.0131824
5 0.706607 0.549779 0.0226826 0.0854562 0.0128877
5 0.70358 0.548479 0.0229728 0.0784465 0.0126488
5 0.703156 0.548811 0.0253928 0.0871345 0.0126392
