8 0.275024 0.581956 0.0629447 0.0341961 0.808108
3 0.607234 0.49647 0.177656 0.0351246 0.159141
0 0.594901 0.475643 0.219126 0.0768423 0.157025
0 0.607234 0.49647 0.177656 0.0351246 0.104302
3 0.375433 0.476137 0.0664114 0.0401055 0.0843317
3 0.37212 0.496115 0.0895153 0.0722814 0.0444965
0 0.571251 0.447643 0.261051 0.143104 0.0372185
3 0.594901 0.475643 0.219126 0.0768423 0.0299829
3 0.346311 0.401237 0.0743195 0.0505431 0.0275164
0 0.585015 0.445484 0.273575 0.14437 0.0231083
3 0.374205 0.49012 0.0855336 0.0687571 0.0209316
3 0.370337 0.518151 0.0786427 0.0322153 0.0155573
0 0.373491 0.474699 0.0606884 0.0381396 0.0130651
3 0.600177 0.478054 0.203258 0.0708748 0.0124081
