3 0.483317 0.530431 0.173042 0.0685224 0.84486
3 0.647767 0.50866 0.183253 0.0806561 0.838695
8 0.860237 0.329986 0.0519557 0.0363555 0.834268
5 0.441623 0.656558 0.0764595 0.24461 0.707899
5 0.722438 0.561276 0.052911 0.28241 0.427279
5 0.571011 0.63654 0.0818073 0.392043 0.310962
5 0.724732 0.56029 0.0520304 0.286873 0.276092
5 0.507145 0.467404 0.0658089 0.0959208 0.259792
5 0.580772 0.693002 0.0691496 0.34235 0.241339
5 0.440026 0.648379 0.068807 0.21913 0.203433
5 0.403819 0.477794 0.115267 0.109681 0.188077
5 0.571644 0.529262 0.0734221 0.169952 0.17557
5 0.408492 0.586566 0.132177 0.331917 0.153312
5 0.4097 0.586406 0.136097 0.3311 0.133735
5 0.560948 0.514432 0.0630451 0.136133 0.0535646
5 0.568913 0.51619 0.0638612 0.141204 0.0292945
5 0.573331 0.481345 0.0345965 0.0733399 0.0292902
5 0.570033 0.620018 0.0812867 0.356213 0.0276388
5 0.722481 0.560099 0.0521395 0.283317 0.0222373
5 0.573035 0.475849 0.0342869 0.0686978 0.0217377
5 0.584966 0.728847 0.0616852 0.394545 0.0104343
