8 0.951137 0.952675 0.0977256 0.0923522 0.895818
3 0.42637 0.519443 0.333971 0.0978604 0.891029
3 0.74213 0.570131 0.149726 0.0542296 0.253283
5 0.554206 0.581356 0.067221 0.166082 0.145773
3 0.783377 0.441501 0.110264 0.0500674 0.122487
5 0.315759 0.595542 0.0907035 0.173234 0.0846038
5 0.552361 0.590613 0.0724822 0.182289 0.0708616
5 0.315073 0.581996 0.086378 0.14766 0.0599096
5 0.550653 0.600683 0.0801437 0.203686 0.0569909
5 0.54992 0.602013 0.0796694 0.208279 0.0488319
5 0.551088 0.587042 0.0661902 0.165868 0.0232719
5 0.313016 0.567456 0.0788334 0.115399 0.0158335
