3 0.536711 0.633679 0.23792 0.100614 0.880207
8 0.930776 0.348208 0.0560176 0.0344693 0.843679
5 0.439671 0.742615 0.0786272 0.297367 0.721492
5 0.630727 0.651162 0.060108 0.219316 0.42336
5 0.630442 0.647517 0.0576125 0.201919 0.136138
5 0.630601 0.636715 0.0547027 0.184403 0.0541773
5 0.636078 0.68529 0.0460663 0.149739 0.0397318
5 0.448068 0.737337 0.061897 0.211356 0.0260889
5 0.612946 0.806987 0.047097 0.350775 0.0129382
5 0.628116 0.582902 0.0422401 0.0764857 0.0125946
5 0.44657 0.725111 0.0637842 0.200765 0.0122023
