3 0.624315 0.544722 0.268928 0.100849 0.891177
3 0.361024 0.52519 0.174956 0.0713219 0.859468
8 0.0992993 0.861997 0.0429976 0.0348404 0.80837
5 0.717847 0.63407 0.104939 0.256874 0.793461
5 0.288104 0.571327 0.027161 0.128262 0.0453829
5 0.504489 0.542 0.0259734 0.0780042 0.0447474
5 0.50415 0.533897 0.0252642 0.0631769 0.0390264
5 0.504852 0.549978 0.0270422 0.0987262 0.0325133
5 0.288389 0.561798 0.0258572 0.121168 0.0232855
5 0.284414 0.572996 0.0234199 0.121877 0.0227928
5 0.426588 0.538838 0.0454945 0.0949323 0.0226667
5 0.430179 0.530766 0.0361773 0.0765455 0.0218557
5 0.50585 0.563794 0.0292789 0.127303 0.0195651
5 0.419674 0.588333 0.0570747 0.203378 0.0157172
5 0.421576 0.568159 0.0549717 0.158689 0.0146463
5 0.423718 0.549583 0.0483058 0.117962 0.0126734
5 0.426305 0.535308 0.0412199 0.08646 0.0125778
5 0.286129 0.55906 0.0227234 0.113875 0.0117487
