3 0.451786 0.661936 0.238589 0.10631 0.851491
8 0.0360045 0.0878733 0.0431089 0.0365363 0.793106
5 0.521102 0.812596 0.0954556 0.324302 0.684429
8 0.0335891 0.481049 0.0657965 0.0175293 0.517643
5 0.355505 0.764401 0.0390867 0.208242 0.385283
5 0.355826 0.759071 0.0388404 0.202433 0.175509
5 0.355966 0.756494 0.0452669 0.21808 0.148791
8 0.0327815 0.448935 0.065563 0.0800018 0.14295
5 0.356158 0.750766 0.0371241 0.18052 0.0696514
8 0.0334312 0.469423 0.0668625 0.0409768 0.0548591
5 0.356104 0.727082 0.0346905 0.126471 0.0228249
5 0.357469 0.758324 0.0418741 0.204112 0.0204491
