3 0.464614 0.590517 0.32936 0.161824 0.914097
8 0.0860976 0.939794 0.0654495 0.0684382 0.883974
5 0.54165 0.692709 0.17374 0.214289 0.777615
5 0.537057 0.684833 0.161219 0.184438 0.363889
5 0.32296 0.673295 0.0470051 0.253455 0.210845
5 0.326507 0.603203 0.0347391 0.106867 0.0932647
5 0.323837 0.653368 0.0431175 0.210861 0.0922321
5 0.322621 0.684754 0.047924 0.272566 0.0888969
5 0.325903 0.61831 0.0376828 0.140112 0.0779855
5 0.32291 0.671791 0.0453846 0.245602 0.0338696
5 0.324763 0.638885 0.0408574 0.183141 0.0140088
