8 0.331915 0.81772 0.10684 0.0813522 0.906591
3 0.516199 0.562477 0.170039 0.0675572 0.851868
5 0.585832 0.628421 0.0287208 0.131712 0.453723
5 0.586705 0.632619 0.0315948 0.143054 0.32634
5 0.462784 0.647682 0.0334125 0.172366 0.108012
5 0.582063 0.607181 0.0363473 0.173012 0.0465598
5 0.464072 0.663866 0.0349096 0.204245 0.0326057
5 0.460549 0.618247 0.0314654 0.107828 0.0317118
5 0.46193 0.636963 0.0320286 0.149057 0.0238459
5 0.585011 0.61987 0.0264699 0.110838 0.0178141
5 0.447627 0.62039 0.0611355 0.219403 0.0159684
5 0.461207 0.628009 0.0322582 0.134032 0.0108695
