3 0.551837 0.717627 0.290904 0.0988367 0.88067
3 0.189519 0.508282 0.124917 0.0763 0.878334
8 0.0359419 0.900073 0.066406 0.0743426 0.869471
5 0.694889 0.788139 0.105128 0.388786 0.850528
3 0.247146 0.702458 0.199696 0.0914232 0.82641
5 0.329754 0.806455 0.0657729 0.329634 0.799647
5 0.160913 0.701806 0.035618 0.149458 0.581747
5 0.427282 0.673399 0.0253504 0.0948708 0.113775
5 0.161227 0.704603 0.0372792 0.16063 0.0451027
5 0.427898 0.6759 0.0314763 0.101743 0.020145
5 0.32946 0.771502 0.0591915 0.254507 0.0154214
