3 0.496559 0.59834 0.312398 0.0920242 0.841988
8 0.139363 0.0760751 0.0528825 0.0343786 0.797276
5 0.626406 0.659579 0.0900923 0.241602 0.774783
8 0.0352208 0.943052 0.0659918 0.0161759 0.647025
5 0.336825 0.676867 0.149282 0.355623 0.568396
5 0.281333 0.603903 0.0529685 0.11265 0.551863
3 0.387235 0.597922 0.259841 0.0895588 0.530561
5 0.321306 0.591146 0.13333 0.184009 0.110591
5 0.309624 0.583316 0.107041 0.176983 0.0741524
5 0.283992 0.600917 0.0597008 0.136324 0.0468845
5 0.62626 0.648016 0.0839804 0.218939 0.0354215
8 0.035283 0.9139 0.0667915 0.0756723 0.0305553
8 0.0352885 0.922823 0.070577 0.0598214 0.0276737
5 0.372768 0.740697 0.0716467 0.197913 0.0136609
5 0.372655 0.752252 0.0740068 0.193907 0.012747
3 0.340796 0.613525 0.151032 0.145023 0.0117382
7 0.216702 0.444865 0.178813 0.232355 0.0112876
8 0.0349048 0.932715 0.0698095 0.0373704 0.0102612
