8 0.914871 0.838418 0.0994985 0.0931078 0.908504
3 0.514635 0.573322 0.28705 0.156072 0.833969
3 0.799368 0.411697 0.103429 0.0627892 0.814725
5 0.624793 0.587969 0.0579137 0.162409 0.239266
3 0.799774 0.411685 0.103515 0.0631386 0.206275
5 0.400521 0.595165 0.080966 0.174733 0.18959
5 0.625178 0.581845 0.0535532 0.146058 0.180857
5 0.39914 0.592492 0.081259 0.178334 0.119268
5 0.399886 0.586093 0.0741403 0.151761 0.0979928
5 0.628644 0.569214 0.0449664 0.123861 0.0226325
5 0.625436 0.581872 0.0532322 0.150253 0.0182189
5 0.634102 0.556981 0.0333357 0.100198 0.0114986
5 0.627341 0.572054 0.0458216 0.122535 0.0108045
