3 0.57051 0.660165 0.223679 0.0890339 0.874833
8 0.0692403 0.186935 0.0381531 0.0339245 0.82648
3 0.302786 0.636498 0.118849 0.0520978 0.721123
5 0.477214 0.700014 0.0454501 0.195045 0.37817
5 0.476428 0.69256 0.0450659 0.184836 0.307081
3 0.302721 0.636513 0.118701 0.0529036 0.127041
5 0.477143 0.706135 0.0502255 0.218476 0.0502124
5 0.47468 0.684388 0.040076 0.162688 0.0362119
5 0.664895 0.679033 0.032259 0.129037 0.0351536
5 0.478256 0.759706 0.0558106 0.327256 0.0205029
5 0.478816 0.771297 0.0553126 0.345072 0.0119398
