3 0.565695 0.602785 0.219745 0.0860954 0.856757
8 0.143442 0.075773 0.0466407 0.0350168 0.810963
8 0.0339262 0.225445 0.0539639 0.0305352 0.393902
8 0.033786 0.225446 0.0543974 0.0308239 0.323164
5 0.660886 0.604627 0.032774 0.128359 0.287342
8 0.0334143 0.225557 0.0524495 0.0299862 0.285215
5 0.461905 0.616862 0.0836223 0.222602 0.193841
5 0.659969 0.611392 0.0381936 0.14913 0.0924387
5 0.66214 0.599115 0.028282 0.112886 0.0631431
5 0.462741 0.615534 0.0681453 0.202123 0.0226224
5 0.464285 0.634831 0.0653865 0.23283 0.0110458
