4 0.550912 0.417585 0.144182 0.521515 0.864431
3 0.56436 0.484454 0.292554 0.0900631 0.852734
8 0.866486 0.853028 0.0707892 0.0804185 0.841216
8 0.807075 0.72773 0.0808327 0.034976 0.821104
3 0.56407 0.544349 0.295593 0.121209 0.196648
3 0.566643 0.559093 0.278409 0.0746326 0.100174
5 0.67004 0.555869 0.0707704 0.143585 0.0790374
5 0.464208 0.583454 0.0695119 0.193172 0.0745369
5 0.670647 0.552276 0.0698474 0.136394 0.0525041
4 0.554069 0.417665 0.148368 0.519161 0.0347136
5 0.670119 0.566505 0.0702074 0.160843 0.0231516
5 0.670371 0.557932 0.0722838 0.147056 0.018123
5 0.67163 0.552612 0.0695274 0.134968 0.0135786
