8 0.966093 0.375983 0.0678138 0.081371 0.876748
3 0.748962 0.398442 0.096419 0.0440955 0.869485
3 0.443921 0.52683 0.255076 0.0761083 0.863372
3 0.681809 0.594979 0.164241 0.0610393 0.822247
8 0.0541596 0.089005 0.0647332 0.0357748 0.813331
5 0.746568 0.586751 0.0310116 0.172775 0.16721
5 0.535339 0.591003 0.0784884 0.22497 0.150953
5 0.344256 0.573893 0.0371224 0.143858 0.119028
5 0.537083 0.586071 0.0755726 0.219816 0.113804
5 0.536776 0.582012 0.0750851 0.209116 0.0870533
5 0.745643 0.606817 0.0319357 0.190732 0.0610029
5 0.622511 0.634991 0.0388997 0.160698 0.0392465
5 0.746181 0.595188 0.0398502 0.233644 0.0390687
5 0.53666 0.573876 0.0738961 0.20088 0.025196
5 0.74623 0.563606 0.0307618 0.158814 0.0230867
5 0.626601 0.667282 0.0475556 0.222175 0.0226478
5 0.344718 0.576429 0.0377478 0.14417 0.0168738
5 0.744151 0.621805 0.0370931 0.217954 0.0151853
5 0.616015 0.634389 0.035652 0.149276 0.011392
5 0.745419 0.572243 0.0336134 0.174952 0.011303
