4 0.387814 0.434069 0.4209 0.576711 0.950464
8 0.910105 0.878438 0.0843202 0.0879748 0.900497
3 0.519963 0.516771 0.227961 0.0735602 0.880336
3 0.749657 0.596453 0.134753 0.0607147 0.856456
5 0.609719 0.550411 0.0714988 0.201528 0.0783108
5 0.690846 0.782982 0.0537266 0.37413 0.0409412
5 0.692791 0.552452 0.0273613 0.113807 0.0365481
5 0.692773 0.544793 0.0248346 0.0930312 0.0344898
5 0.691337 0.769378 0.0515445 0.350934 0.026425
5 0.692655 0.564466 0.0305395 0.141029 0.0233079
5 0.799231 0.585025 0.0350164 0.175603 0.0113521
5 0.8031 0.645857 0.0269742 0.266245 0.011253
