3 0.645462 0.494893 0.194401 0.0634659 0.839077
8 0.0981944 0.924175 0.0808048 0.0342236 0.808337
3 0.574702 0.418429 0.258961 0.0630174 0.76704
5 0.724099 0.496869 0.0375782 0.15048 0.181126
8 0.948717 0.339743 0.0193471 0.0731666 0.180704
8 0.949389 0.33635 0.019496 0.066521 0.162709
5 0.715628 0.503909 0.0439181 0.160899 0.0586385
5 0.721767 0.505769 0.0406732 0.171607 0.053819
5 0.716141 0.514628 0.0458197 0.19587 0.023814
5 0.445978 0.377212 0.0705034 0.0711775 0.0161658
5 0.697925 0.50354 0.0876593 0.215788 0.0121351
