3 0.465707 0.566641 0.244786 0.0891481 0.894274
3 0.700905 0.63736 0.172017 0.0683998 0.870468
8 0.296439 0.93077 0.0525641 0.0357157 0.824467
4 0.322692 0.465895 0.472214 0.625674 0.72497
5 0.768281 0.639783 0.0392657 0.241057 0.557666
4 0.324731 0.467627 0.471701 0.637202 0.555202
3 0.747438 0.404605 0.0868306 0.0440816 0.521003
5 0.76786 0.635327 0.0435979 0.254088 0.275674
5 0.373997 0.636943 0.0411964 0.151394 0.0651867
5 0.638094 0.64576 0.0552949 0.163859 0.037775
5 0.638247 0.594778 0.0464977 0.173203 0.0303608
5 0.566261 0.595234 0.0639766 0.212393 0.0239007
5 0.635786 0.594821 0.0405959 0.165909 0.0140811
5 0.635182 0.598238 0.0442951 0.164765 0.0114856
5 0.37412 0.641224 0.043862 0.161255 0.0111828
