8 0.130962 0.893586 0.139781 0.100346 0.916357
4 0.336922 0.338442 0.545545 0.626477 0.898782
3 0.499179 0.432039 0.258037 0.0891714 0.894078
3 0.764325 0.504523 0.150965 0.0597199 0.882097
5 0.827285 0.497062 0.052701 0.247333 0.491847
5 0.827909 0.497811 0.0536232 0.243793 0.455446
5 0.725707 0.733899 0.0660426 0.475334 0.286539
5 0.618149 0.458135 0.0688667 0.206418 0.233394
5 0.825854 0.499297 0.0505205 0.238474 0.058862
5 0.726191 0.736572 0.0665741 0.480176 0.0320623
5 0.698038 0.452662 0.0311769 0.113767 0.0159151
5 0.700388 0.462983 0.0380009 0.136014 0.0125145
