3 0.481679 0.644877 0.242645 0.0974753 0.884755
8 0.877487 0.54306 0.0493075 0.0335448 0.826429
5 0.371791 0.733959 0.0466424 0.268419 0.687084
5 0.579822 0.711564 0.152021 0.315595 0.5888
5 0.535372 0.757802 0.0626295 0.220585 0.20495
5 0.367272 0.750966 0.0360037 0.225667 0.175215
5 0.53167 0.762823 0.0600133 0.22517 0.0923681
8 0.955885 0.519752 0.027233 0.0866512 0.0359173
5 0.581357 0.713215 0.152914 0.317543 0.0262314
5 0.368628 0.730884 0.037501 0.259047 0.0236639
5 0.53759 0.755559 0.0709282 0.241918 0.0232928
8 0.96162 0.51881 0.0231872 0.0841391 0.020902
