3 0.406762 0.592265 0.419504 0.135517 0.766403
8 0.0314188 0.517487 0.04391 0.0347053 0.759475
8 0.0424382 0.908252 0.0848764 0.0281879 0.726304
8 0.0429217 0.872977 0.0858433 0.0981127 0.114793
5 0.243114 0.640143 0.0655937 0.134597 0.0749785
5 0.242423 0.628602 0.0627122 0.117974 0.0624244
5 0.245123 0.703548 0.0696169 0.23329 0.0495845
5 0.244173 0.656471 0.0692698 0.157569 0.0336319
5 0.244837 0.682921 0.0717367 0.200112 0.0249988
5 0.246865 0.692849 0.0752359 0.243037 0.0182981
5 0.242876 0.659551 0.071139 0.202863 0.0175453
