3 0.666047 0.547607 0.226256 0.0982461 0.89182
8 0.0414741 0.518477 0.0559268 0.0283092 0.753994
8 0.0264312 0.0860976 0.0408602 0.0360363 0.750783
3 0.313381 0.516998 0.180186 0.0648863 0.543552
5 0.587032 0.649716 0.121788 0.328515 0.503423
5 0.375846 0.723944 0.0520739 0.410346 0.091418
5 0.366473 0.675033 0.0339094 0.302808 0.0694894
8 0.0415531 0.489935 0.0603952 0.0841411 0.0199647
5 0.374019 0.708198 0.0486594 0.376346 0.0185913
8 0.0412429 0.50822 0.0638711 0.0552829 0.0144108
3 0.313077 0.518368 0.179441 0.0653658 0.0125998
