8 0.941346 0.231058 0.0565615 0.0845686 0.871483
3 0.729355 0.59157 0.154161 0.0869849 0.858702
3 0.754967 0.399638 0.125051 0.0653552 0.858
3 0.406992 0.619263 0.270588 0.104269 0.851312
8 0.899527 0.47504 0.0392468 0.0344407 0.840604
5 0.30322 0.748151 0.0558639 0.270108 0.76527
5 0.51733 0.701063 0.0622384 0.340976 0.566391
5 0.522543 0.632202 0.0481248 0.19678 0.190508
5 0.661496 0.569112 0.0281592 0.0632078 0.126349
5 0.663508 0.623744 0.0326948 0.178081 0.0781979
5 0.663058 0.645767 0.0348753 0.226252 0.0343899
5 0.302688 0.72908 0.0521959 0.219526 0.0257994
5 0.664709 0.729162 0.0317928 0.377601 0.0233058
5 0.662577 0.574221 0.0284475 0.0721018 0.0199576
5 0.303516 0.739121 0.0510307 0.228737 0.015174
5 0.664195 0.641463 0.0323032 0.212294 0.013354
5 0.665241 0.736646 0.034136 0.392467 0.0107966
3 0.755048 0.400097 0.124349 0.0646368 0.0106532
