8 0.101165 0.160244 0.124853 0.0825625 0.909325
3 0.296379 0.38972 0.177469 0.0521791 0.832863
3 0.404815 0.343636 0.124184 0.0418321 0.129569
7 0.237848 0.367837 0.222311 0.223034 0.0890386
3 0.408158 0.337575 0.134107 0.0457306 0.0640374
3 0.401224 0.350707 0.115833 0.0357271 0.0376222
7 0.537055 0.463714 0.24044 0.34696 0.0320793
6 0.517112 0.394527 0.175781 0.212268 0.0218019
6 0.515653 0.377833 0.171921 0.176773 0.0183388
7 0.215794 0.447312 0.265689 0.38834 0.0155472
6 0.506975 0.370956 0.150315 0.154059 0.0135184
7 0.522603 0.457396 0.216706 0.336527 0.0119014
