8 0.902947 0.470474 0.104506 0.171661 0.933134
3 0.515054 0.651186 0.241173 0.135078 0.859261
3 0.215668 0.598729 0.136756 0.095147 0.852707
5 0.434485 0.748842 0.0847032 0.406641 0.82684
5 0.625091 0.725508 0.064961 0.470452 0.745361
5 0.272743 0.646085 0.0172182 0.127466 0.0549937
5 0.273258 0.659155 0.0208098 0.157556 0.0346296
5 0.623134 0.746672 0.055433 0.431512 0.0321881
5 0.274608 0.669079 0.024992 0.178506 0.0240141
5 0.275775 0.677474 0.0280344 0.189377 0.0239876
5 0.272892 0.637827 0.014921 0.105517 0.0229581
