8 0.0367595 0.314951 0.0735189 0.139357 0.89054
3 0.220623 0.617362 0.137483 0.11555 0.795729
8 0.0350999 0.0318006 0.0290374 0.0333802 0.774593
3 0.465162 0.729878 0.221989 0.194509 0.137171
3 0.4744 0.732126 0.23652 0.28151 0.135763
3 0.463375 0.744567 0.221057 0.225096 0.104997
3 0.517161 0.49754 0.318044 0.086819 0.0394108
3 0.471975 0.731394 0.234575 0.266206 0.0338485
3 0.218489 0.657204 0.151321 0.203063 0.0176767
3 0.469641 0.781052 0.246077 0.357783 0.0168148
8 0.0367977 0.366459 0.0735954 0.036423 0.0101286
