8 0.860427 0.866276 0.172557 0.152503 0.937892
3 0.348342 0.434627 0.24352 0.107341 0.859978
5 0.437734 0.491218 0.0734514 0.250786 0.518714
5 0.24287 0.504341 0.056335 0.342363 0.245888
5 0.440338 0.480401 0.0605717 0.216577 0.197467
5 0.24204 0.507082 0.0528131 0.340635 0.187656
5 0.226505 0.393341 0.0237897 0.117682 0.15074
5 0.438905 0.482037 0.0707739 0.23583 0.144423
5 0.225988 0.388092 0.0217698 0.104152 0.139701
5 0.430562 0.522875 0.0826713 0.305817 0.0582139
5 0.25299 0.557246 0.0317594 0.220287 0.0436096
5 0.252541 0.546578 0.0324807 0.211998 0.0222606
5 0.245276 0.508204 0.0370609 0.221055 0.0215309
5 0.24999 0.522614 0.0377919 0.223989 0.019184
5 0.227365 0.400798 0.0265385 0.133577 0.0157226
