8 0.943321 0.905659 0.0777392 0.0352692 0.812685
3 0.485425 0.495982 0.304398 0.104622 0.807929
5 0.366273 0.52738 0.0881407 0.256927 0.619094
5 0.368869 0.534034 0.0780347 0.219903 0.607544
3 0.848148 0.420836 0.229864 0.0624398 0.393635
8 0.986218 0.767156 0.0247682 0.0730356 0.138471
8 0.988714 0.766314 0.0225726 0.0750109 0.082109
5 0.607446 0.482539 0.0530205 0.0642013 0.0542382
8 0.98594 0.766441 0.0235851 0.073754 0.0350309
8 0.990219 0.76609 0.0195617 0.0727159 0.0331092
8 0.991 0.771099 0.0179996 0.0770971 0.0193791
5 0.602491 0.499839 0.065709 0.0987718 0.0189507
5 0.605494 0.489583 0.0600736 0.0762593 0.0151341
8 0.988402 0.76705 0.0231956 0.0721769 0.0138758
5 0.598439 0.514157 0.0760772 0.128669 0.0128117
