3 0.401805 0.522224 0.227618 0.0714701 0.875867
8 0.866031 0.90318 0.0491159 0.0354766 0.825724
3 0.680377 0.511857 0.165283 0.054517 0.594134
5 0.641712 0.59443 0.061052 0.164062 0.516949
5 0.646697 0.686168 0.0696068 0.34773 0.376566
5 0.467248 0.610215 0.0666155 0.171562 0.203103
5 0.468106 0.61045 0.0667365 0.174793 0.182236
5 0.472774 0.588948 0.0571665 0.132281 0.0688695
3 0.676942 0.495692 0.183673 0.0752468 0.0616642
5 0.641857 0.574002 0.054212 0.119576 0.0485398
3 0.734665 0.429879 0.080828 0.0462935 0.0254647
5 0.64261 0.600774 0.0609489 0.176573 0.0246455
5 0.474884 0.576784 0.0536091 0.10578 0.0181945
5 0.469938 0.604907 0.0642612 0.163978 0.015083
