8 0.917593 0.847829 0.124429 0.0768277 0.911858
3 0.454308 0.535424 0.265105 0.0940899 0.864631
3 0.64411 0.520909 0.19606 0.0816844 0.844309
5 0.580159 0.592988 0.137231 0.279968 0.691752
5 0.344116 0.543268 0.0500073 0.0990805 0.280289
5 0.7192 0.602431 0.0314859 0.169048 0.21802
5 0.345012 0.548347 0.0539187 0.104542 0.215368
5 0.34684 0.553233 0.0585443 0.112798 0.186282
5 0.71929 0.594278 0.0338058 0.176658 0.170236
5 0.349848 0.560617 0.0643042 0.130055 0.107716
5 0.564946 0.707592 0.117083 0.504816 0.080816
5 0.343983 0.539519 0.0467749 0.0945562 0.0561134
5 0.718766 0.617119 0.0288535 0.139939 0.0446675
5 0.718722 0.623838 0.0296232 0.138128 0.0216813
5 0.559629 0.567757 0.0836673 0.216372 0.0177153
