8 0.913577 0.920692 0.136726 0.0683423 0.903938
3 0.70997 0.444422 0.199081 0.0786777 0.899163
3 0.386226 0.475114 0.277112 0.0930066 0.878669
5 0.280385 0.528454 0.0721145 0.200231 0.864339
5 0.790754 0.529088 0.0279936 0.166908 0.412336
5 0.493451 0.531706 0.0694342 0.211068 0.191657
5 0.628984 0.447576 0.0452086 0.100601 0.18291
5 0.492603 0.534708 0.0699639 0.220226 0.165835
5 0.628849 0.445133 0.0424513 0.0943055 0.158843
5 0.494987 0.515064 0.0643829 0.181711 0.100716
5 0.495279 0.499948 0.0623707 0.151615 0.084914
5 0.495476 0.5013 0.0606838 0.153634 0.0665318
5 0.62987 0.4637 0.0487882 0.137665 0.0151476
5 0.790828 0.536135 0.0281186 0.178997 0.0147497
5 0.496255 0.492528 0.0562117 0.132213 0.0113262
5 0.501133 0.479201 0.0487187 0.106948 0.0105774
