3 0.656377 0.510268 0.33775 0.104958 0.832234
8 0.951109 0.0609932 0.0726711 0.0346952 0.825278
5 0.519379 0.591967 0.136479 0.267435 0.791094
5 0.795527 0.556477 0.0625592 0.240387 0.104605
5 0.799226 0.516767 0.0491926 0.135799 0.104267
5 0.797881 0.534883 0.0552043 0.19425 0.0898247
5 0.783986 0.575722 0.0871365 0.267298 0.048968
5 0.75425 0.712442 0.0939602 0.536577 0.0285378
5 0.762713 0.701529 0.113288 0.525626 0.0209854
5 0.80013 0.511516 0.0458889 0.108935 0.0195359
5 0.790791 0.55665 0.0578203 0.23507 0.0119932
