8 0.222705 0.207913 0.0406883 0.0371672 0.751188
3 0.612799 0.738609 0.176893 0.216185 0.608034
3 0.630831 0.785068 0.139165 0.0780824 0.48724
3 0.620914 0.742839 0.164689 0.227293 0.170589
3 0.519828 0.634584 0.131473 0.092953 0.103075
3 0.533888 0.336172 0.266755 0.0780516 0.086685
3 0.517331 0.655585 0.149318 0.137515 0.0841902
3 0.515199 0.671746 0.153826 0.162912 0.0637682
3 0.559316 0.730131 0.262616 0.223003 0.0530719
3 0.619978 0.734668 0.167868 0.223246 0.0438783
3 0.628989 0.776455 0.144833 0.101273 0.0115261
