3 0.369835 0.396094 0.281831 0.0744163 0.882127
3 0.725586 0.404275 0.173372 0.0556259 0.848279
8 0.892313 0.0521694 0.0747423 0.0341954 0.815974
5 0.446044 0.521836 0.104296 0.231862 0.0957281
5 0.458836 0.471015 0.076432 0.133687 0.0771259
5 0.657251 0.426061 0.0375517 0.101451 0.0550453
5 0.661649 0.432286 0.0386382 0.112459 0.0276741
5 0.455259 0.484175 0.0849335 0.162282 0.0252792
5 0.460784 0.458736 0.0674107 0.104015 0.024519
5 0.658254 0.433462 0.0407602 0.123743 0.0218438
5 0.447679 0.517388 0.105051 0.229895 0.0207374
5 0.661992 0.425738 0.0352034 0.0946926 0.0194406
5 0.802947 0.521751 0.0304021 0.233654 0.0165738
