3 0.370327 0.502378 0.241942 0.115403 0.897795
3 0.633693 0.499953 0.167049 0.0779932 0.848424
8 0.165769 0.100342 0.0600363 0.050822 0.806296
8 0.0311187 0.0845777 0.0437085 0.034534 0.780671
5 0.272098 0.546278 0.0356929 0.206952 0.379038
5 0.552629 0.610133 0.0577916 0.227029 0.0652225
5 0.45905 0.553321 0.0995061 0.22508 0.0581523
5 0.459601 0.552746 0.099054 0.225052 0.0408832
5 0.532397 0.685828 0.0973323 0.374304 0.0402295
5 0.27014 0.552765 0.0386249 0.220916 0.037344
5 0.556979 0.60127 0.0496423 0.227631 0.0362409
5 0.568029 0.553467 0.022605 0.113254 0.0158217
5 0.472508 0.52519 0.0762073 0.166789 0.0155038
5 0.566418 0.567319 0.0278516 0.14502 0.0100255
