3 0.463428 0.455866 0.253541 0.0925329 0.866361
3 0.770675 0.327287 0.107868 0.0542129 0.850901
8 0.891966 0.651868 0.0561727 0.0337453 0.836299
8 0.965993 0.574737 0.0523106 0.0916507 0.795126
5 0.565945 0.542854 0.0757639 0.262805 0.705045
5 0.351006 0.503273 0.102232 0.234865 0.546054
5 0.351621 0.48705 0.0899135 0.186525 0.127526
5 0.720901 0.724635 0.0645766 0.503714 0.0631098
5 0.566337 0.542106 0.0730238 0.26297 0.0590771
5 0.348843 0.47714 0.0866076 0.17369 0.0382193
5 0.715356 0.66245 0.0499102 0.378012 0.0172615
5 0.568276 0.520211 0.0658463 0.217796 0.0142852
