3 0.502165 0.562254 0.299462 0.089352 0.859737
8 0.245228 0.887065 0.0543417 0.0351373 0.825604
5 0.636825 0.657827 0.055035 0.318937 0.403066
5 0.415064 0.663549 0.0967013 0.227668 0.17875
5 0.41708 0.665559 0.0883476 0.206267 0.17216
5 0.412888 0.642 0.0899468 0.185014 0.16417
5 0.643652 0.615475 0.0480639 0.238942 0.039812
5 0.413823 0.658112 0.0960843 0.222348 0.034483
5 0.636985 0.610498 0.0401188 0.22323 0.0300699
5 0.637771 0.591634 0.0383778 0.183198 0.0266287
5 0.41489 0.655627 0.091333 0.206487 0.0235663
5 0.637538 0.575842 0.0340666 0.144308 0.0218458
5 0.411119 0.622038 0.0846214 0.138315 0.0158365
5 0.64535 0.669472 0.0539345 0.249183 0.0150557
5 0.643446 0.598069 0.0475145 0.200858 0.0143032
5 0.63678 0.648521 0.0403857 0.22331 0.0102555
