8 0.907471 0.327545 0.0652213 0.0537642 0.868691
4 0.261658 0.673856 0.0367898 0.0365436 0.749651
8 0.261658 0.673856 0.0367898 0.0365436 0.321229
5 0.542501 0.436994 0.0521299 0.131812 0.262811
8 0.169669 0.954272 0.339339 0.0315501 0.101785
8 0.181127 0.955833 0.338378 0.03623 0.0935016
8 0.169171 0.953038 0.338341 0.0310463 0.0608333
8 0.175533 0.952531 0.337544 0.0302798 0.0521237
8 0.172387 0.955113 0.33675 0.0344043 0.0518884
2 0.261658 0.673856 0.0367898 0.0365436 0.0207104
8 0.261814 0.663969 0.0424815 0.0569664 0.0113657
8 0.171376 0.954151 0.342753 0.031355 0.0111467
