8 0.910653 0.29685 0.0846018 0.056842 0.875102
4 0.0341126 0.576482 0.041299 0.0352327 0.301651
0 0.523746 0.309813 0.216917 0.163463 0.295223
8 0.0341126 0.576482 0.041299 0.0352327 0.173551
8 0.612727 0.945361 0.105257 0.0283224 0.0777303
8 0.0343977 0.567354 0.0448528 0.0304649 0.0719981
8 0.75833 0.94567 0.44466 0.0282794 0.0661203
8 0.0347652 0.575064 0.04286 0.0361203 0.0338367
8 0.803754 0.94613 0.271541 0.0257436 0.0297783
8 0.713367 0.945413 0.0852159 0.0248766 0.0284701
8 0.836148 0.946071 0.258283 0.0253185 0.0246044
7 0.618074 0.219236 0.167415 0.181858 0.0221262
8 0.0330474 0.558241 0.0488961 0.0467652 0.0216623
8 0.778712 0.947632 0.430898 0.0287825 0.0206257
8 0.768078 0.947362 0.43413 0.0290264 0.0203969
4 0.0347652 0.575064 0.04286 0.0361203 0.0196291
0 0.478855 0.304114 0.292136 0.168017 0.0185696
0 0.518574 0.306789 0.218739 0.161329 0.0135051
7 0.620021 0.229277 0.161375 0.159768 0.0133873
0 0.501259 0.308542 0.262884 0.166859 0.011836
