3 0.613788 0.504527 0.156717 0.0642083 0.86014
8 0.138918 0.843493 0.0477682 0.0367408 0.823532
3 0.637711 0.548039 0.158078 0.15867 0.178912
6 0.483991 0.578699 0.21062 0.424857 0.0449051
5 0.627059 0.563506 0.117083 0.1128 0.0330964
5 0.637711 0.548039 0.158078 0.15867 0.0312439
5 0.613658 0.60539 0.201877 0.269205 0.0286373
3 0.648475 0.524926 0.11075 0.0536853 0.0174026
6 0.498594 0.533182 0.184819 0.30513 0.0161359
6 0.480604 0.579847 0.216708 0.431817 0.0159769
3 0.659023 0.469213 0.118408 0.0510476 0.012979
5 0.630882 0.556681 0.116239 0.101984 0.0124976
