3 0.642335 0.622999 0.238901 0.124918 0.881131
3 0.304548 0.674282 0.187846 0.103506 0.793661
5 0.219764 0.686385 0.0868194 0.42023 0.649988
5 0.19751 0.73002 0.141561 0.520658 0.587875
8 0.0608855 0.373944 0.0728224 0.0186683 0.39179
8 0.0615411 0.345205 0.073829 0.0746295 0.360319
5 0.542881 0.666408 0.0488468 0.307859 0.345157
5 0.195094 0.732742 0.149036 0.527154 0.188762
8 0.0609834 0.374942 0.0713195 0.0163883 0.0977795
5 0.54573 0.651172 0.045189 0.288807 0.0149094
8 0.0612989 0.361242 0.0762783 0.043154 0.014901
