3 0.527071 0.594603 0.25252 0.107511 0.894724
5 0.620031 0.658168 0.0783095 0.179337 0.826482
8 0.13234 0.322082 0.0327484 0.0334788 0.801758
8 0.0288497 0.895703 0.0494291 0.017105 0.697501
5 0.414792 0.70936 0.0342253 0.377209 0.597076
5 0.413514 0.648738 0.0305371 0.263421 0.121197
3 0.264795 0.582984 0.132261 0.0547046 0.0587886
5 0.416987 0.722622 0.0292868 0.297768 0.0527908
8 0.0295421 0.866358 0.0526358 0.0747945 0.0510097
8 0.0292595 0.888212 0.0519298 0.0329354 0.0337917
8 0.0294375 0.863743 0.0519723 0.0806646 0.023977
8 0.0296888 0.874807 0.0532518 0.0595184 0.0197135
