8 0.0499709 0.89905 0.0692553 0.0819491 0.885042
5 0.463456 0.811081 0.131758 0.363832 0.873832
3 0.235812 0.691866 0.185829 0.0817989 0.865791
3 0.583264 0.696569 0.287597 0.134178 0.865439
5 0.704421 0.745358 0.0395793 0.213279 0.64769
5 0.702281 0.757541 0.0444297 0.241032 0.565332
5 0.154623 0.753851 0.0147731 0.120982 0.124853
5 0.307325 0.834636 0.0433381 0.323319 0.0812242
5 0.154727 0.762892 0.0165009 0.144851 0.0634629
5 0.154633 0.748472 0.0137808 0.103488 0.0629782
5 0.455685 0.743186 0.115358 0.221281 0.0111648
