8 0.145957 0.188085 0.0697136 0.0857364 0.90603
3 0.579297 0.647396 0.239687 0.103103 0.866108
3 0.26898 0.809073 0.147481 0.101166 0.85502
5 0.477017 0.74029 0.0503886 0.380788 0.839976
5 0.317731 0.803507 0.0703971 0.312521 0.78302
5 0.217533 0.886842 0.0336075 0.148573 0.670719
5 0.215705 0.882908 0.0308892 0.141983 0.556823
5 0.676846 0.694896 0.10466 0.322634 0.547439
3 0.313522 0.370775 0.0978642 0.0660458 0.409279
3 0.313774 0.370617 0.0977351 0.0648737 0.365511
5 0.674623 0.696262 0.101549 0.317054 0.0370892
5 0.216264 0.88623 0.0326713 0.149156 0.0227881
5 0.327718 0.829844 0.0489958 0.265339 0.0113454
