3 0.589201 0.608149 0.217586 0.0812491 0.896348
3 0.304303 0.76015 0.150416 0.0831678 0.881476
8 0.936476 0.509163 0.0535691 0.064781 0.85518
3 0.256558 0.428177 0.112127 0.0564644 0.817163
8 0.875417 0.414586 0.0409363 0.0339353 0.759796
5 0.361861 0.748701 0.0501657 0.226948 0.372139
5 0.364217 0.743128 0.0572795 0.231086 0.208852
5 0.498973 0.596138 0.0438774 0.105472 0.184795
5 0.357305 0.723965 0.0486534 0.193663 0.140756
5 0.251875 0.815662 0.0300041 0.113642 0.0679171
5 0.361273 0.738184 0.0514885 0.227102 0.0585683
5 0.499938 0.605609 0.0505134 0.115341 0.0439186
5 0.497052 0.593357 0.0371894 0.105788 0.0321595
8 0.875203 0.414321 0.0399699 0.0338172 0.015347
