8 0.901879 0.891361 0.17203 0.15543 0.940736
3 0.614671 0.74918 0.21116 0.18788 0.256459
3 0.616436 0.796672 0.210806 0.35269 0.159635
3 0.618244 0.739619 0.213386 0.258736 0.1306
3 0.617607 0.759769 0.212535 0.284908 0.107862
3 0.616055 0.800573 0.21158 0.359579 0.0430985
3 0.616652 0.778274 0.212442 0.311583 0.0406278
3 0.619619 0.722606 0.213414 0.243172 0.0390805
3 0.615148 0.738517 0.211554 0.173696 0.0374133
3 0.317706 0.45404 0.150201 0.0536147 0.0334705
3 0.615574 0.730731 0.212341 0.172201 0.0100843
