8 0.901277 0.653385 0.109326 0.0931529 0.915044
3 0.341933 0.620809 0.220202 0.119651 0.852916
3 0.636379 0.540201 0.157585 0.0834305 0.708586
5 0.432639 0.624319 0.0506353 0.163411 0.560946
5 0.247438 0.692629 0.046974 0.259733 0.551787
5 0.247759 0.685791 0.0428293 0.236955 0.279622
5 0.247376 0.672353 0.0423488 0.212529 0.208119
5 0.432829 0.618857 0.0470973 0.150188 0.13478
5 0.421216 0.699894 0.068267 0.335126 0.0357033
5 0.682545 0.715114 0.0434604 0.350649 0.0127929
5 0.688618 0.58375 0.0339832 0.113435 0.0113389
