3 0.547954 0.507289 0.310774 0.0969889 0.892087
8 0.142668 0.151581 0.060286 0.03613 0.776149
5 0.661998 0.610006 0.105457 0.286115 0.731674
3 0.252602 0.466857 0.187815 0.0533272 0.616634
5 0.427692 0.544853 0.0698098 0.155307 0.32009
5 0.431513 0.575683 0.0775303 0.226577 0.181018
5 0.425403 0.531975 0.0637611 0.125281 0.0943587
5 0.429403 0.563808 0.0766718 0.196227 0.053449
5 0.655711 0.60548 0.0837333 0.221199 0.0394227
3 0.255837 0.457333 0.202627 0.0660872 0.0387738
5 0.653975 0.615753 0.0848302 0.226395 0.0129153
