8 0.264057 0.638947 0.131582 0.0872984 0.93754
3 0.605265 0.34287 0.0701802 0.0771085 0.54767
3 0.545847 0.419128 0.0764498 0.0910894 0.195408
3 0.570616 0.41339 0.05368 0.0650185 0.101496
3 0.563743 0.420037 0.069782 0.0825672 0.0841571
3 0.573711 0.408202 0.0502378 0.0528344 0.0432688
3 0.570132 0.404869 0.0604139 0.0612026 0.0191095
3 0.57489 0.401172 0.0562697 0.0559594 0.0178283
3 0.572635 0.419212 0.0537847 0.0743489 0.0142283
3 0.557176 0.328284 0.062111 0.0725522 0.0121343
3 0.57777 0.455995 0.0542684 0.05335 0.0119228
