3 0.458539 0.474115 0.259514 0.0680642 0.869273
8 0.273637 0.607388 0.0644843 0.0371143 0.790537
3 0.75896 0.450747 0.166914 0.0593131 0.677632
5 0.553655 0.577514 0.066338 0.26193 0.0285747
5 0.55398 0.550135 0.058157 0.21233 0.0266666
5 0.555352 0.538777 0.0577044 0.203827 0.0261024
5 0.552695 0.578058 0.0559633 0.219413 0.0231615
5 0.374301 0.551664 0.0505847 0.146264 0.0176688
5 0.549791 0.593454 0.0528671 0.244668 0.016337
5 0.550717 0.575417 0.0521266 0.210369 0.0162922
5 0.554574 0.578038 0.0671148 0.262828 0.0139139
5 0.552865 0.562202 0.0552186 0.20672 0.0122077
