8 0.967401 0.903931 0.0618023 0.0818253 0.867012
3 0.519919 0.545973 0.258715 0.107238 0.855492
8 0.120683 0.872512 0.038087 0.0343469 0.792533
5 0.438925 0.650197 0.0722179 0.250085 0.220933
5 0.613551 0.721254 0.0559202 0.324565 0.207012
5 0.442965 0.650244 0.059406 0.213401 0.121397
5 0.614807 0.718017 0.0558834 0.31608 0.0763246
5 0.618679 0.670935 0.0458302 0.21254 0.0679761
5 0.618311 0.658952 0.0450507 0.189465 0.0461014
5 0.444111 0.741101 0.0640192 0.401965 0.0380588
5 0.443199 0.729143 0.0662444 0.382129 0.0368986
5 0.440902 0.6384 0.0605488 0.193584 0.0357987
5 0.620006 0.669226 0.049329 0.222896 0.0271798
5 0.44576 0.65069 0.0594379 0.214961 0.0269652
5 0.437976 0.63351 0.0739123 0.239977 0.0133732
