3 0.650313 0.390082 0.310777 0.0947521 0.829864
8 0.0485223 0.0869536 0.0633362 0.0345203 0.825099
3 0.568861 0.400549 0.193865 0.0775106 0.786871
5 0.733225 0.502536 0.0944365 0.231268 0.480349
5 0.736068 0.47294 0.0841149 0.170267 0.267882
5 0.733883 0.489913 0.0888229 0.203766 0.118856
5 0.463891 0.471831 0.0784767 0.165958 0.0631828
5 0.465289 0.46488 0.073718 0.153295 0.0478455
5 0.466066 0.456449 0.0904588 0.201772 0.0476469
5 0.738377 0.458002 0.0751959 0.138035 0.036411
5 0.732018 0.506005 0.0970323 0.23687 0.0114074
