4 0.483228 0.377984 0.249387 0.320581 0.947283
8 0.46272 0.786694 0.0543853 0.0355987 0.836094
3 0.519035 0.414931 0.219551 0.0812292 0.816951
5 0.607366 0.449387 0.0315519 0.115536 0.144631
5 0.484065 0.485414 0.0412326 0.100674 0.123962
5 0.484404 0.493765 0.0464893 0.121335 0.123618
5 0.480174 0.487746 0.0505557 0.118467 0.0753033
5 0.608896 0.443931 0.026202 0.105377 0.0358415
3 0.537768 0.450793 0.187262 0.0970641 0.0317623
3 0.545627 0.462802 0.167372 0.0746237 0.022814
5 0.485547 0.513428 0.0519641 0.161053 0.0198671
5 0.483765 0.476676 0.036323 0.0819336 0.0168382
5 0.478167 0.478493 0.0418157 0.0971154 0.0166682
3 0.554304 0.475296 0.147267 0.0581962 0.0113568
