4 0.417751 0.333048 0.398826 0.507366 0.964661
3 0.53829 0.393981 0.290474 0.144275 0.901044
3 0.816654 0.450797 0.138832 0.0894737 0.873452
8 0.947736 0.0324273 0.0426679 0.0356983 0.797254
5 0.75965 0.500539 0.0578239 0.223308 0.288432
8 0.974612 0.163742 0.0507764 0.0885875 0.154125
8 0.975793 0.159492 0.0484148 0.0788586 0.131212
8 0.974348 0.163568 0.0513047 0.0882115 0.0861499
5 0.758841 0.506026 0.0574094 0.232577 0.0737655
8 0.976457 0.149697 0.0470859 0.0579685 0.0444664
8 0.97684 0.146309 0.0463201 0.053507 0.0351967
8 0.978955 0.164112 0.0420898 0.0847267 0.0348558
5 0.759843 0.495756 0.0506794 0.207173 0.0303585
8 0.975038 0.163425 0.0499235 0.0872356 0.0194761
5 0.759252 0.483053 0.0492656 0.188979 0.0186107
8 0.988817 0.143811 0.0223653 0.0482709 0.0131365
5 0.760751 0.495619 0.0495993 0.212884 0.0128068
8 0.980786 0.160216 0.0384286 0.0593356 0.0123695
