4 0.34745 0.490874 0.342221 0.393012 0.947627
3 0.451486 0.537236 0.252161 0.127296 0.873942
3 0.701112 0.581791 0.132164 0.0774635 0.847725
8 0.243395 0.930907 0.048876 0.0351727 0.811644
5 0.372558 0.658345 0.0469892 0.242379 0.713202
5 0.646653 0.674903 0.0436152 0.25507 0.609536
5 0.373654 0.652324 0.0394951 0.212201 0.367292
5 0.530881 0.592599 0.048121 0.0793804 0.181169
5 0.646876 0.674041 0.0390422 0.217359 0.0905605
5 0.64609 0.684901 0.041156 0.223107 0.0389122
5 0.532742 0.586915 0.0442008 0.0791328 0.0303452
5 0.649067 0.660265 0.0373047 0.232306 0.0248014
5 0.528364 0.598221 0.0538129 0.0862039 0.0199396
