3 0.378131 0.572451 0.163572 0.0722821 0.839379
8 0.031702 0.0855784 0.0409605 0.0338762 0.79875
5 0.311303 0.654004 0.0351452 0.169462 0.0778679
5 0.457583 0.552818 0.0445838 0.145577 0.0765269
5 0.454085 0.566425 0.0548133 0.174306 0.0397251
5 0.458167 0.544621 0.0367758 0.122182 0.0385836
5 0.447138 0.615352 0.0680057 0.273341 0.0372681
5 0.300233 0.62206 0.0551609 0.300392 0.0354346
5 0.312523 0.609601 0.0340078 0.202859 0.0301484
5 0.311236 0.663342 0.035719 0.187165 0.0168015
5 0.304037 0.604474 0.0404898 0.228395 0.0154266
5 0.312711 0.589875 0.0312154 0.148521 0.0109424
