3 0.52133 0.752874 0.204937 0.140119 0.867566
3 0.337406 0.743606 0.13093 0.128685 0.84704
5 0.610306 0.807798 0.115839 0.365236 0.816584
8 0.0647608 0.0837112 0.0271571 0.033278 0.800702
5 0.388732 0.817551 0.0348638 0.347195 0.724475
5 0.389223 0.812656 0.0330993 0.339381 0.576782
5 0.442299 0.79566 0.0475812 0.253165 0.372828
5 0.281143 0.72733 0.0296965 0.263264 0.150861
5 0.281997 0.714134 0.0248799 0.242 0.126343
5 0.282474 0.716392 0.0249749 0.244559 0.078829
5 0.442295 0.771896 0.0429252 0.196956 0.0749389
5 0.441312 0.778171 0.0410784 0.220905 0.0582557
5 0.28271 0.724984 0.0244128 0.216434 0.0207491
5 0.280196 0.654216 0.019083 0.106405 0.0139811
5 0.280937 0.662739 0.0211759 0.126308 0.0132168
5 0.389494 0.87153 0.0305062 0.219454 0.0131792
5 0.391863 0.804079 0.0285655 0.284171 0.0131241
5 0.390692 0.807667 0.0278921 0.216778 0.0110575
