3 0.520037 0.613091 0.23547 0.129363 0.865609
5 0.448223 0.759577 0.0930185 0.401674 0.685377
8 0.0691001 0.0839994 0.0366707 0.0332651 0.637362
5 0.594478 0.564693 0.0638558 0.0899162 0.32693
5 0.596783 0.663717 0.0732312 0.286216 0.110129
8 0.0689066 0.0839486 0.0369815 0.0327598 0.0774029
5 0.591796 0.561608 0.0566935 0.084062 0.0404413
5 0.58883 0.746946 0.0888776 0.376089 0.0209339
5 0.605171 0.696775 0.0484002 0.180489 0.017856
5 0.586448 0.763657 0.08518 0.344045 0.0137546
5 0.589481 0.733859 0.0871751 0.40183 0.0106907
