3 0.368087 0.589612 0.122454 0.0755882 0.880607
3 0.313081 0.54271 0.160043 0.10573 0.85734
8 0.0346453 0.915543 0.0645757 0.0366183 0.839956
8 0.0585336 0.700779 0.0312505 0.0329515 0.829846
7 0.520579 0.567703 0.250485 0.487715 0.147338
8 0.0349077 0.909848 0.0666487 0.0530639 0.0380609
6 0.450405 0.581455 0.140642 0.396906 0.0322098
3 0.372145 0.485361 0.109172 0.0577882 0.0228125
7 0.181092 0.473682 0.188011 0.45534 0.0183359
3 0.373379 0.4776 0.112961 0.0546605 0.0175333
8 0.034838 0.898949 0.0668828 0.0725922 0.0165535
