8 0.800683 0.922306 0.153353 0.116757 0.932868
3 0.365352 0.475494 0.265832 0.0996245 0.898348
3 0.666265 0.495774 0.174907 0.0806455 0.881832
5 0.452524 0.525457 0.120038 0.182396 0.617634
5 0.577101 0.617354 0.0738407 0.268634 0.499002
5 0.255276 0.515433 0.0416047 0.213571 0.479548
5 0.582325 0.59666 0.0580488 0.219267 0.325659
5 0.58441 0.592716 0.0538972 0.209916 0.0801844
5 0.255263 0.514225 0.0473278 0.232359 0.0425847
5 0.735087 0.533297 0.0281779 0.110438 0.0260059
5 0.437936 0.581142 0.156554 0.300674 0.0179628
5 0.736419 0.52515 0.0243723 0.0954681 0.0110913
