8 0.111064 0.279527 0.132045 0.121962 0.929234
3 0.39986 0.499221 0.126794 0.0660792 0.796392
3 0.631284 0.551189 0.202216 0.170789 0.646546
3 0.631925 0.54084 0.202741 0.151299 0.584424
3 0.632343 0.522659 0.202344 0.113089 0.191234
5 0.703601 0.61108 0.0663853 0.285473 0.156694
5 0.704601 0.612941 0.0644816 0.290463 0.0502351
5 0.553692 0.53411 0.0417913 0.174079 0.0441165
5 0.365706 0.689532 0.054042 0.40411 0.0335081
5 0.556648 0.544919 0.0478576 0.197231 0.0209624
5 0.702011 0.569675 0.0519038 0.206676 0.0203948
3 0.629106 0.563241 0.201721 0.223843 0.02027
5 0.573083 0.552422 0.0828832 0.212591 0.0200492
5 0.576122 0.559965 0.0896869 0.226365 0.0182031
3 0.642934 0.607028 0.187536 0.287093 0.0105008
