8 0.0850182 0.340831 0.0684697 0.0683511 0.889377
3 0.536914 0.541392 0.203725 0.107726 0.846812
3 0.31058 0.553707 0.105691 0.0588842 0.825434
5 0.448034 0.569578 0.0282616 0.190189 0.674156
5 0.26805 0.578693 0.0172931 0.116659 0.316128
5 0.357731 0.591414 0.0269614 0.223707 0.265295
5 0.606435 0.607331 0.0647271 0.171095 0.25606
5 0.604063 0.612477 0.0754407 0.197197 0.22854
5 0.268438 0.585769 0.0194582 0.141262 0.197961
5 0.358065 0.605943 0.0318746 0.245084 0.126159
5 0.351401 0.696303 0.0385597 0.416625 0.0880216
5 0.357365 0.614468 0.030756 0.28129 0.0807574
5 0.358304 0.591354 0.03317 0.213166 0.0268496
