3 0.592171 0.658031 0.21797 0.0831573 0.867759
8 0.0283218 0.0872524 0.0366807 0.0356265 0.835207
3 0.302899 0.610227 0.168202 0.0819453 0.61797
5 0.68493 0.744368 0.048794 0.242378 0.425917
5 0.536251 0.74077 0.1258 0.294805 0.411562
5 0.685171 0.750815 0.0404519 0.195337 0.334209
5 0.684364 0.73887 0.0387359 0.185241 0.276744
5 0.535495 0.747697 0.124655 0.306794 0.187564
5 0.514375 0.689951 0.0748765 0.180845 0.122965
5 0.683921 0.727008 0.037273 0.180866 0.0604531
5 0.683772 0.712197 0.0349822 0.150638 0.0265566
