8 0.0386128 0.424691 0.0768128 0.0842706 0.891266
3 0.541004 0.791263 0.266474 0.122389 0.873432
3 0.230342 0.553121 0.140918 0.0689559 0.869875
3 0.252579 0.895187 0.161657 0.093794 0.804098
5 0.647594 0.861631 0.0605674 0.25993 0.555613
5 0.323118 0.883174 0.0424206 0.231465 0.481035
5 0.705227 0.693769 0.068929 0.136657 0.215662
5 0.186398 0.902305 0.0315268 0.195391 0.177864
5 0.434852 0.780939 0.0485003 0.181665 0.164156
5 0.440298 0.80545 0.0606415 0.235584 0.0930097
5 0.325487 0.890838 0.0383919 0.218325 0.0715338
5 0.646019 0.862022 0.0493441 0.222537 0.0478197
5 0.44172 0.815716 0.0619473 0.253168 0.0405184
5 0.704961 0.687168 0.0604709 0.116032 0.040499
5 0.685821 0.8081 0.124943 0.367727 0.0255488
5 0.185564 0.825112 0.0236831 0.252818 0.0249784
5 0.186943 0.85068 0.0403942 0.29864 0.0215194
5 0.645474 0.883715 0.0517117 0.206829 0.0214519
5 0.185242 0.845373 0.0245192 0.277968 0.018269
5 0.184927 0.858152 0.0251739 0.283696 0.0180115
5 0.434258 0.765447 0.0467343 0.149668 0.0167962
5 0.184763 0.863141 0.0261081 0.273717 0.0167108
5 0.187119 0.848288 0.0387121 0.303423 0.0161509
5 0.325524 0.883649 0.0360528 0.232702 0.014156
5 0.186656 0.907561 0.0325908 0.184754 0.0120442
5 0.326045 0.898518 0.0416962 0.202965 0.0115652
