3 0.569656 0.808301 0.19317 0.110591 0.874141
8 0.103349 0.0954078 0.0224561 0.0338118 0.79205
3 0.326673 0.600084 0.0860528 0.072758 0.77038
8 0.0362393 0.144889 0.0240788 0.0189403 0.705201
5 0.495359 0.768251 0.0397816 0.0996712 0.578741
5 0.646946 0.879168 0.0495838 0.216855 0.563037
5 0.648637 0.893853 0.0449064 0.173141 0.262369
5 0.43422 0.891762 0.040745 0.176933 0.103322
3 0.379624 0.921192 0.112514 0.104933 0.0494111
5 0.430034 0.891434 0.0297906 0.166328 0.0315001
5 0.508477 0.837069 0.0715733 0.234602 0.0237787
5 0.432447 0.89486 0.0346653 0.16924 0.0217596
