3 0.237982 0.58219 0.152246 0.051894 0.843512
3 0.524212 0.632592 0.22633 0.0609189 0.817274
8 0.79792 0.888866 0.0515907 0.0350975 0.809283
5 0.594849 0.70367 0.077858 0.187383 0.772323
5 0.415842 0.663935 0.0587357 0.242958 0.555184
5 0.297396 0.675274 0.05624 0.271271 0.545705
5 0.301994 0.623845 0.0508531 0.175569 0.414384
5 0.416992 0.667163 0.0548749 0.244411 0.314453
5 0.589967 0.719328 0.0935809 0.223709 0.0523862
5 0.176702 0.605662 0.0206832 0.084609 0.0386601
5 0.29893 0.641868 0.0450041 0.139856 0.0377395
5 0.177205 0.591943 0.0227391 0.0658128 0.0281225
5 0.600284 0.689511 0.0656686 0.157933 0.0257226
5 0.297241 0.67279 0.0466365 0.20863 0.0251123
5 0.296313 0.706065 0.0576968 0.240303 0.0236203
5 0.305339 0.557808 0.0455694 0.0509631 0.0201754
3 0.202214 0.466661 0.1006 0.038755 0.0130167
5 0.17765 0.626787 0.0216688 0.123322 0.0107111
5 0.303306 0.563192 0.0466747 0.0525691 0.0105048
5 0.296117 0.704161 0.0575556 0.236777 0.0102293
