8 0.741568 0.878382 0.0658303 0.0360853 0.818414
5 0.45064 0.600832 0.0652271 0.179617 0.714253
3 0.271884 0.544759 0.194557 0.0445188 0.626492
3 0.332708 0.588663 0.288112 0.0802772 0.556706
5 0.208792 0.581491 0.0703983 0.139273 0.4983
3 0.336011 0.592351 0.28184 0.0735355 0.402088
5 0.211308 0.582173 0.0740046 0.142719 0.0905388
5 0.449228 0.604254 0.0692424 0.183566 0.0317551
3 0.327152 0.580108 0.302628 0.103494 0.0218737
5 0.445128 0.653512 0.0667617 0.106135 0.0182162
5 0.215384 0.608791 0.079413 0.207891 0.0177859
5 0.216726 0.615385 0.0859022 0.217089 0.014384
