8 0.0766431 0.307973 0.107691 0.0795167 0.89566
3 0.538447 0.549811 0.224461 0.093327 0.807781
5 0.610587 0.707106 0.0494238 0.270094 0.485424
5 0.450155 0.617618 0.0750912 0.271175 0.485077
5 0.612005 0.68865 0.0480717 0.22892 0.222691
3 0.364334 0.446069 0.0987175 0.0451947 0.0700179
5 0.4583 0.624866 0.0495305 0.201067 0.0352837
5 0.453218 0.611264 0.0617434 0.223691 0.0307554
5 0.450374 0.662305 0.0716467 0.350018 0.0275574
5 0.451013 0.673751 0.0683264 0.367635 0.0252257
5 0.611983 0.703427 0.0477031 0.267233 0.0199143
5 0.451799 0.600242 0.0636526 0.215819 0.0182819
