3 0.445898 0.459482 0.203816 0.108132 0.893314
8 0.0452844 0.269981 0.0299017 0.0343167 0.488318
8 0.048867 0.285182 0.0661314 0.081449 0.358564
8 0.0487475 0.282409 0.0686835 0.0866022 0.306391
8 0.0475264 0.312525 0.0638575 0.0261757 0.070204
8 0.0484439 0.310973 0.0639091 0.0308378 0.056273
8 0.046764 0.2699 0.0315621 0.0348039 0.0557038
8 0.0382228 0.252006 0.0369209 0.0754546 0.0151709
8 0.0230871 0.234627 0.0109535 0.0422487 0.0126249
8 0.0480531 0.312515 0.0655277 0.0266972 0.0122615
8 0.0471865 0.311569 0.0636859 0.0292097 0.010533
