3 0.564524 0.58407 0.275475 0.0895173 0.840128
8 0.71765 0.866564 0.0500002 0.0351246 0.828794
5 0.473918 0.741982 0.0567403 0.294119 0.313902
3 0.430738 0.476523 0.159984 0.0560877 0.137471
5 0.479765 0.71985 0.0520391 0.251001 0.0556582
5 0.663723 0.633702 0.0642452 0.172735 0.0303567
5 0.653379 0.673742 0.0697833 0.150653 0.0290304
5 0.657146 0.668775 0.0707985 0.155371 0.0265283
5 0.668559 0.622708 0.0572324 0.160267 0.0246386
5 0.659053 0.658977 0.0664216 0.15431 0.0194399
5 0.477883 0.728124 0.0515757 0.304181 0.0194281
5 0.479338 0.694176 0.0446389 0.198906 0.018601
5 0.475101 0.716338 0.0458397 0.244929 0.0138532
5 0.474398 0.728172 0.0458093 0.284156 0.0125203
5 0.656275 0.677518 0.0745503 0.168276 0.0120524
