3 0.699792 0.583237 0.245637 0.114603 0.869263
3 0.336229 0.489511 0.151956 0.0649266 0.842805
8 0.0698418 0.290462 0.0499412 0.0354584 0.806264
5 0.607222 0.602923 0.0725159 0.193514 0.46383
8 0.00798314 0.104805 0.0154668 0.0658901 0.20273
5 0.802633 0.615242 0.0377876 0.178795 0.134596
5 0.606648 0.610462 0.08081 0.228316 0.12695
5 0.802723 0.609842 0.0358613 0.171852 0.0718842
5 0.607275 0.593724 0.0685065 0.175898 0.0439862
5 0.800883 0.596517 0.0421332 0.216565 0.0272433
5 0.802831 0.600638 0.0350097 0.161835 0.0119396
