3 0.538023 0.540833 0.266329 0.100607 0.887656
5 0.390653 0.584181 0.135974 0.293962 0.868025
3 0.773275 0.60709 0.200005 0.0777974 0.823977
8 0.94236 0.086303 0.0583306 0.0340262 0.792303
5 0.692755 0.706337 0.126268 0.432435 0.753513
8 0.963836 0.181037 0.0379225 0.0701843 0.696346
5 0.81765 0.784679 0.0970976 0.389284 0.516263
3 0.856041 0.391315 0.1032 0.050688 0.335027
5 0.418248 0.62988 0.0800433 0.193537 0.069099
5 0.826645 0.71658 0.0714443 0.214433 0.0622134
5 0.594832 0.633952 0.130959 0.164077 0.0479772
5 0.601181 0.705461 0.216449 0.42222 0.0203073
5 0.645144 0.505959 0.0332694 0.0754557 0.0144198
