3 0.50032 0.459231 0.2199 0.0715995 0.86019
8 0.863229 0.0352265 0.0632077 0.0339195 0.824727
8 0.937718 0.0919871 0.0470915 0.0644059 0.823501
5 0.620797 0.536071 0.183524 0.323566 0.763949
5 0.681812 0.587723 0.0323384 0.161147 0.576009
3 0.621271 0.517582 0.166342 0.0586018 0.416826
5 0.445007 0.423029 0.0785451 0.0909368 0.130832
5 0.573235 0.567699 0.0816495 0.213224 0.114188
5 0.447785 0.421113 0.0765419 0.0884801 0.0758943
5 0.442976 0.423276 0.0722774 0.085282 0.0442093
3 0.618536 0.50865 0.17358 0.0740276 0.026727
3 0.614703 0.490208 0.174359 0.127635 0.0177168
5 0.440656 0.427131 0.0736192 0.0822645 0.0130869
