3 0.551077 0.560311 0.267564 0.119606 0.865829
5 0.671188 0.623341 0.12709 0.324118 0.845928
3 0.297062 0.514484 0.147416 0.0839436 0.77314
5 0.423551 0.554623 0.0518701 0.118804 0.706764
8 0.168118 0.116669 0.0393509 0.033139 0.69607
8 0.158447 0.156503 0.0774613 0.0166033 0.383973
8 0.158161 0.132027 0.0785243 0.0660823 0.211015
5 0.691413 0.541977 0.0861861 0.158754 0.110943
5 0.23509 0.539061 0.0261453 0.142503 0.107571
5 0.424165 0.557065 0.0558971 0.130574 0.0967712
5 0.235061 0.530376 0.0233201 0.12052 0.0892255
5 0.232003 0.535816 0.0228718 0.131495 0.0760418
5 0.231927 0.527545 0.0218721 0.113268 0.0174262
5 0.231837 0.545458 0.0250213 0.154773 0.0140382
