3 0.455917 0.55674 0.274447 0.0890886 0.848476
8 0.0638797 0.0923365 0.122587 0.0961883 0.728852
8 0.0860745 0.0816169 0.0517262 0.0344578 0.709919
5 0.333007 0.644447 0.141966 0.364858 0.400831
5 0.577119 0.637828 0.034809 0.153101 0.10829
8 0.0641763 0.0981585 0.123252 0.084148 0.0734887
8 0.0264228 0.084927 0.0456289 0.0954375 0.0604408
5 0.576191 0.6263 0.0299262 0.131754 0.0580806
5 0.314794 0.549356 0.0869411 0.16576 0.0351523
5 0.322023 0.549204 0.083981 0.156244 0.0247146
5 0.575861 0.615281 0.0263051 0.106917 0.0227557
5 0.323502 0.565924 0.0818201 0.136783 0.0197569
5 0.322648 0.559357 0.125183 0.209619 0.0138309
5 0.321722 0.557325 0.0801985 0.147771 0.0138151
5 0.311797 0.545209 0.0871622 0.161598 0.012794
8 0.0644128 0.127564 0.121587 0.0239719 0.0122134
5 0.332365 0.593478 0.136666 0.266411 0.0100955
