3 0.581971 0.567636 0.284032 0.09322 0.872828
8 0.859115 0.508021 0.0435892 0.0346815 0.774823
3 0.288784 0.548998 0.163688 0.0678668 0.717877
5 0.695264 0.675044 0.0385702 0.22509 0.0420425
5 0.698846 0.672905 0.0433069 0.229858 0.0305277
5 0.696451 0.664194 0.038034 0.206772 0.0213282
5 0.699601 0.655573 0.0411427 0.206062 0.0175866
5 0.698784 0.662251 0.0429969 0.215369 0.0138686
5 0.697295 0.656103 0.0354392 0.186913 0.01234
5 0.700811 0.644784 0.0377337 0.178416 0.0122581
5 0.695256 0.667386 0.0457639 0.233197 0.0119742
