3 0.581169 0.469802 0.348234 0.131417 0.85725
8 0.219302 0.277316 0.0444446 0.0336332 0.809374
3 0.231879 0.365086 0.110081 0.050208 0.713161
5 0.697673 0.536099 0.0981906 0.16547 0.0488761
5 0.671047 0.565162 0.0421958 0.116567 0.0453586
5 0.696407 0.539043 0.10224 0.179837 0.0433253
5 0.683402 0.555481 0.0696444 0.155251 0.0346232
5 0.691359 0.530386 0.0789 0.139172 0.0233254
5 0.674597 0.573322 0.0531838 0.138626 0.0181048
5 0.680589 0.57277 0.0679937 0.153866 0.0177936
5 0.698816 0.521001 0.0939585 0.13243 0.0136835
