8 0.795589 0.21739 0.148347 0.101178 0.916569
3 0.442724 0.528263 0.175019 0.0592955 0.879448
3 0.639766 0.506851 0.119348 0.0485609 0.455277
5 0.516109 0.588008 0.0332965 0.192905 0.420814
5 0.516515 0.591337 0.0343034 0.194046 0.221519
3 0.637388 0.494953 0.128155 0.0543373 0.129854
3 0.64098 0.513583 0.11747 0.0469745 0.0585585
5 0.609718 0.555108 0.0290691 0.103212 0.0288934
5 0.373978 0.575891 0.0668857 0.184056 0.0286851
5 0.516311 0.573901 0.0292721 0.161162 0.019167
5 0.517394 0.591549 0.0349275 0.201188 0.0113084
