8 0.918388 0.250801 0.160542 0.108419 0.922234
3 0.572962 0.480304 0.232369 0.0812779 0.835653
4 0.454228 0.477229 0.255229 0.426124 0.0499651
4 0.551362 0.401424 0.0598406 0.26247 0.0405552
4 0.551818 0.471513 0.0595422 0.41535 0.0357024
4 0.552466 0.475203 0.0605606 0.416068 0.0319659
5 0.478805 0.524705 0.0680238 0.179975 0.0190196
5 0.469403 0.570949 0.0551877 0.219696 0.0173592
5 0.492144 0.553427 0.101462 0.270137 0.0172463
5 0.478901 0.499377 0.0670819 0.139215 0.0135763
5 0.469904 0.553928 0.0517418 0.179777 0.0127245
4 0.553123 0.480444 0.0603175 0.419871 0.0115179
5 0.468956 0.544975 0.0475885 0.168359 0.011133
5 0.654761 0.485476 0.06487 0.110318 0.0102101
