8 0.73975 0.85707 0.199553 0.102089 0.917676
3 0.571463 0.486181 0.213833 0.0726268 0.847245
4 0.567775 0.463232 0.12798 0.424618 0.618569
5 0.488457 0.514346 0.0652459 0.146363 0.0752185
4 0.606388 0.463563 0.191852 0.428072 0.044265
5 0.487596 0.507004 0.0564754 0.109917 0.0429355
4 0.56353 0.363565 0.0843966 0.221172 0.0363695
4 0.584111 0.375014 0.0679111 0.252244 0.0257279
4 0.555648 0.46459 0.0921349 0.425182 0.0225916
4 0.58055 0.36615 0.0973285 0.229924 0.014203
4 0.539996 0.464746 0.113007 0.42375 0.0119062
