8 0.166266 0.623234 0.166998 0.0999714 0.935684
3 0.53824 0.406262 0.228359 0.0994945 0.86147
3 0.76721 0.406991 0.146202 0.0837439 0.82112
4 0.784332 0.396954 0.0745607 0.383283 0.648956
5 0.442711 0.464457 0.129128 0.206865 0.450469
5 0.447068 0.463857 0.111976 0.191464 0.418805
4 0.789629 0.397886 0.0869155 0.382977 0.220194
5 0.716861 0.438811 0.0548188 0.200169 0.161268
5 0.627637 0.381796 0.0584026 0.0692494 0.160869
5 0.625234 0.405776 0.0615507 0.121046 0.130723
5 0.622734 0.41129 0.0657583 0.133109 0.126657
5 0.627473 0.375875 0.0549328 0.0556792 0.0998007
5 0.716495 0.415641 0.052677 0.149245 0.0974594
8 0.847476 0.258702 0.0249902 0.0129621 0.0799009
5 0.62696 0.393104 0.0600321 0.0937788 0.0765056
4 0.789822 0.397645 0.0830687 0.383329 0.0347337
5 0.717236 0.370704 0.0512998 0.0613741 0.0300703
5 0.82026 0.412345 0.0322421 0.0851704 0.0237875
5 0.646487 0.469128 0.113449 0.252378 0.0192675
8 0.848032 0.247002 0.0275263 0.036154 0.0160942
4 0.769239 0.412201 0.0726291 0.357074 0.0138418
5 0.716113 0.405375 0.0487142 0.117487 0.0132513
