8 0.888039 0.927307 0.216125 0.0910023 0.915609
4 0.350265 0.399886 0.449591 0.226521 0.910653
3 0.494774 0.464579 0.20779 0.0640461 0.886849
3 0.747271 0.465868 0.144482 0.0498913 0.820529
4 0.770015 0.473322 0.135575 0.329364 0.712437
5 0.417382 0.515536 0.0375337 0.109253 0.385648
4 0.771316 0.473854 0.130551 0.329306 0.377927
5 0.416076 0.519623 0.0469082 0.130869 0.304025
5 0.690757 0.435941 0.052085 0.065215 0.0748449
5 0.687039 0.437515 0.0543097 0.0722869 0.027849
4 0.38011 0.444921 0.482875 0.311586 0.0244403
5 0.68214 0.466319 0.0655435 0.123534 0.0155527
5 0.582988 0.44299 0.0310729 0.0643606 0.015274
5 0.686803 0.456389 0.0628946 0.106311 0.0142797
5 0.679103 0.48013 0.0687229 0.159649 0.0140889
5 0.585025 0.451745 0.0340824 0.0599873 0.0128051
5 0.687969 0.443984 0.0567748 0.0845713 0.0118487
5 0.582086 0.473889 0.0391474 0.0942357 0.0101334
