8 0.914385 0.934038 0.168409 0.108651 0.926995
3 0.757964 0.604303 0.16611 0.0743304 0.813421
3 0.50386 0.608828 0.247885 0.108642 0.801093
5 0.422255 0.676162 0.155446 0.282854 0.358252
4 0.764169 0.615014 0.0707454 0.407448 0.259587
4 0.766817 0.615264 0.0666059 0.413285 0.177145
4 0.772497 0.613912 0.0803128 0.41506 0.115748
5 0.819989 0.627044 0.0420877 0.124658 0.108711
4 0.772483 0.614267 0.0821264 0.407428 0.0997227
5 0.82145 0.619046 0.0376763 0.104083 0.0844938
5 0.819025 0.625582 0.0383522 0.120242 0.0314394
5 0.423012 0.690857 0.158387 0.310732 0.0259662
5 0.820134 0.636394 0.044863 0.142665 0.02469
5 0.823582 0.612542 0.0322694 0.0858584 0.0222167
5 0.819016 0.617917 0.0393741 0.0996402 0.011545
4 0.753079 0.614478 0.0701469 0.407409 0.0110501
3 0.758019 0.618768 0.170202 0.13615 0.0108961
5 0.700492 0.58243 0.050031 0.0726097 0.0100493
