3 0.557657 0.469994 0.185082 0.0623931 0.84126
8 0.235113 0.857584 0.0728369 0.0356845 0.809774
4 0.54901 0.46232 0.0742992 0.2981 0.471709
4 0.576721 0.462556 0.122004 0.298467 0.101295
4 0.54441 0.46498 0.0772351 0.299116 0.0825306
4 0.543214 0.466409 0.0856113 0.298073 0.053138
4 0.576576 0.463621 0.110655 0.299901 0.0399421
4 0.577096 0.46146 0.115568 0.297971 0.028615
4 0.611123 0.38445 0.047587 0.136812 0.0175411
4 0.607953 0.431628 0.0611254 0.241771 0.0171912
4 0.556237 0.449041 0.0708368 0.287132 0.0133352
