4 0.573407 0.371402 0.179629 0.394856 0.818652
8 0.919684 0.0679245 0.0410872 0.0342858 0.808996
3 0.544814 0.433931 0.198826 0.0878457 0.312696
5 0.611217 0.530308 0.0625431 0.2479 0.217335
3 0.511806 0.462808 0.112445 0.0585963 0.131093
3 0.519557 0.449645 0.136659 0.0699158 0.092255
5 0.609241 0.514812 0.0541009 0.217458 0.0399133
3 0.51146 0.459884 0.114236 0.0594397 0.0361611
3 0.540047 0.394804 0.245088 0.146072 0.0346848
4 0.573654 0.372746 0.180811 0.398026 0.0165074
5 0.606971 0.530209 0.0513168 0.229339 0.0108656
