3 0.536456 0.554028 0.215823 0.110237 0.890816
3 0.2982 0.575234 0.112517 0.0913011 0.88579
5 0.462315 0.680264 0.0605475 0.330458 0.831921
5 0.613345 0.660414 0.0409557 0.203195 0.576377
5 0.625507 0.622637 0.0643545 0.276503 0.562774
8 0.808204 0.850992 0.0290905 0.0352934 0.299804
8 0.808114 0.850873 0.0290227 0.0353042 0.296802
5 0.344525 0.72403 0.0302805 0.378931 0.0679782
5 0.339958 0.692347 0.0185344 0.264442 0.0669664
5 0.344698 0.72055 0.0302528 0.377653 0.0606322
5 0.339938 0.701139 0.0198618 0.290453 0.0561414
5 0.344617 0.625122 0.0253336 0.194724 0.0333196
5 0.34409 0.632547 0.0241247 0.204243 0.0191533
5 0.344425 0.595496 0.0209978 0.129769 0.0130455
