8 0.916058 0.895977 0.133091 0.0704828 0.904349
3 0.449084 0.617038 0.169929 0.0852195 0.851061
3 0.538887 0.535448 0.138989 0.0637984 0.773122
5 0.606079 0.600097 0.0618135 0.369841 0.476016
5 0.598911 0.591719 0.0483236 0.268605 0.17723
5 0.380804 0.64355 0.050506 0.255017 0.140269
5 0.382653 0.640585 0.03753 0.224141 0.122803
5 0.381754 0.649697 0.0376716 0.229948 0.110625
5 0.531504 0.707256 0.101942 0.573696 0.0437924
5 0.38294 0.631053 0.0382288 0.203682 0.0415587
5 0.598409 0.57176 0.0434874 0.245473 0.0340567
