8 0.878108 0.922363 0.100141 0.0818275 0.904104
3 0.373964 0.747919 0.179076 0.111014 0.8598
3 0.681601 0.669723 0.147734 0.0820032 0.845355
5 0.616687 0.711977 0.0427853 0.361006 0.472351
5 0.745038 0.673152 0.0281483 0.321771 0.353489
5 0.29711 0.756255 0.0317237 0.224497 0.206218
5 0.296573 0.746133 0.0301738 0.208981 0.187573
5 0.29727 0.757157 0.0350807 0.24843 0.107922
5 0.740595 0.67797 0.0260136 0.226399 0.0946164
5 0.747141 0.592218 0.0174996 0.165298 0.0892731
5 0.739904 0.704435 0.0286541 0.263545 0.0799226
5 0.746985 0.621661 0.0212284 0.221056 0.077272
5 0.741781 0.668716 0.0243325 0.225067 0.0253039
5 0.6197 0.699005 0.0297421 0.304734 0.0246838
5 0.742286 0.659301 0.0238827 0.253213 0.0223036
5 0.747213 0.583769 0.0146852 0.143193 0.0209104
5 0.741882 0.689744 0.0292786 0.346243 0.01607
5 0.73761 0.68853 0.027004 0.213505 0.0125718
5 0.297065 0.768877 0.0330187 0.237324 0.0102115
