8 0.875209 0.0672277 0.135038 0.0647589 0.912784
3 0.540331 0.586413 0.235541 0.069236 0.845261
3 0.62785 0.513902 0.19036 0.0573988 0.80589
5 0.697379 0.583927 0.0808247 0.364328 0.382504
5 0.445105 0.641482 0.0457219 0.14564 0.229332
5 0.697308 0.569601 0.0525505 0.261169 0.218649
5 0.444586 0.637075 0.0412211 0.133907 0.20495
5 0.69518 0.59331 0.0787272 0.374807 0.0335075
5 0.44914 0.602155 0.0708681 0.224155 0.0280381
5 0.699696 0.65233 0.065946 0.3076 0.0184373
5 0.697499 0.638422 0.0593065 0.293331 0.0171101
5 0.698845 0.536237 0.0476093 0.200156 0.0135989
5 0.652471 0.651218 0.0978646 0.303204 0.0127132
5 0.696643 0.495804 0.0670855 0.186824 0.0105425
