8 0.830072 0.851996 0.110648 0.0785434 0.909914
3 0.334509 0.69941 0.185874 0.112123 0.866686
3 0.659301 0.633136 0.157586 0.0866688 0.836409
5 0.261993 0.709634 0.06117 0.300949 0.535632
5 0.58813 0.687572 0.0800055 0.359596 0.325764
5 0.729921 0.632272 0.0529829 0.29703 0.205262
5 0.58816 0.689369 0.0808334 0.363347 0.187014
5 0.741975 0.564814 0.0317003 0.166972 0.0819144
5 0.740952 0.585092 0.0357246 0.205383 0.0432421
5 0.255374 0.733405 0.0398392 0.233349 0.0267579
5 0.259072 0.692026 0.0417511 0.223103 0.0255851
5 0.257955 0.704999 0.0410918 0.223333 0.0136886
5 0.256874 0.716666 0.0404528 0.216946 0.0106321
5 0.721549 0.659909 0.0356914 0.232507 0.0101583
