8 0.145307 0.174183 0.096546 0.080203 0.901278
3 0.555115 0.44797 0.282209 0.105922 0.89
3 0.298089 0.458209 0.13795 0.0779159 0.785983
5 0.33087 0.519005 0.0295374 0.107526 0.400108
5 0.443353 0.562458 0.0322159 0.20392 0.216098
5 0.443019 0.542137 0.0302486 0.16332 0.0941874
5 0.446024 0.585286 0.0334211 0.251531 0.0831271
5 0.442891 0.529282 0.0281519 0.134793 0.0532382
5 0.330004 0.533168 0.0350989 0.136563 0.019724
5 0.442074 0.517014 0.0264854 0.109815 0.012843
5 0.630873 0.55592 0.0598688 0.148632 0.0119033
