8 0.0772875 0.89569 0.08206 0.0689945 0.886117
3 0.422249 0.584849 0.168167 0.0772803 0.880323
3 0.584476 0.486901 0.126061 0.0507015 0.863812
8 0.259988 0.968934 0.116078 0.0351448 0.500424
5 0.627865 0.509542 0.0554513 0.100904 0.370812
8 0.172212 0.969285 0.28958 0.0362961 0.13046
8 0.104163 0.969184 0.148968 0.035683 0.06316
5 0.624961 0.504442 0.0408885 0.0747605 0.0556559
5 0.623956 0.524758 0.057104 0.111662 0.0374484
5 0.628594 0.500686 0.0479889 0.0796988 0.0305056
5 0.6242 0.515698 0.0484647 0.0962916 0.0190788
5 0.626757 0.525964 0.0672084 0.135278 0.0184975
8 0.259092 0.968815 0.114289 0.0353434 0.013689
