8 0.176316 0.894286 0.116202 0.0734015 0.90595
3 0.61866 0.61582 0.196602 0.0997399 0.851803
3 0.340522 0.525734 0.151943 0.0625036 0.817631
5 0.540737 0.604011 0.0424061 0.162594 0.434147
5 0.694229 0.656259 0.0449426 0.247465 0.377415
8 0.213622 0.963054 0.309925 0.0394197 0.226828
5 0.695053 0.667468 0.0500803 0.268959 0.102019
8 0.302656 0.962563 0.123089 0.038932 0.0785363
8 0.138198 0.963134 0.15177 0.0376387 0.0721557
8 0.13972 0.962818 0.151999 0.0383677 0.0303071
8 0.320724 0.962596 0.0886021 0.0385544 0.0280018
8 0.214403 0.964373 0.309154 0.0419154 0.0279583
5 0.691939 0.703441 0.0369837 0.183689 0.0225135
5 0.691998 0.700549 0.0375321 0.178322 0.0202821
