3 0.537106 0.461517 0.13976 0.0951203 0.87957
8 0.34097 0.951603 0.0237434 0.0382518 0.815293
3 0.364576 0.362574 0.0601994 0.0494274 0.717556
5 0.486199 0.529777 0.0489886 0.175897 0.636993
3 0.365384 0.362963 0.0609639 0.0507417 0.382852
5 0.598981 0.507469 0.0322253 0.218023 0.247136
5 0.599392 0.483463 0.0324826 0.172191 0.233149
5 0.599695 0.465641 0.0294363 0.133462 0.171199
5 0.486573 0.52919 0.0498839 0.182434 0.101963
8 0.310076 0.994566 0.018942 0.00931997 0.0286414
8 0.327083 0.994824 0.0436616 0.00928996 0.0273096
8 0.315971 0.994634 0.027445 0.00967496 0.0218936
5 0.485162 0.526682 0.046051 0.169515 0.0150078
