8 0.366363 0.0424038 0.0543845 0.0816901 0.897485
3 0.508934 0.37267 0.110806 0.0942364 0.874476
5 0.543227 0.430248 0.0459225 0.126246 0.540979
5 0.543803 0.428109 0.0436824 0.120646 0.269987
5 0.464774 0.404664 0.0222653 0.19645 0.200746
5 0.465115 0.391912 0.019903 0.16084 0.120717
5 0.462636 0.406202 0.0257933 0.216176 0.0387255
5 0.463758 0.419616 0.0243605 0.23056 0.0309078
5 0.463966 0.404839 0.0223691 0.207979 0.0136514
5 0.533735 0.483102 0.0661014 0.247473 0.0129746
5 0.454513 0.452942 0.0444137 0.307081 0.0120564
