3 0.522726 0.487201 0.0656904 0.0701584 0.813177
8 0.381073 0.296377 0.0919063 0.161376 0.782415
8 0.381509 0.272057 0.0930539 0.205931 0.183209
3 0.494322 0.43597 0.0510222 0.0499772 0.155105
3 0.493481 0.440588 0.0505218 0.0492551 0.138558
5 0.464272 0.493668 0.0320301 0.206969 0.116613
5 0.466364 0.483348 0.0286044 0.187747 0.083943
5 0.551073 0.471641 0.013039 0.0771736 0.0693004
8 0.350139 0.203326 0.0293853 0.066729 0.0505946
5 0.494871 0.51089 0.0251795 0.158936 0.0402246
5 0.46333 0.515227 0.0382087 0.250996 0.0377199
5 0.493523 0.52657 0.0284745 0.179141 0.0302876
5 0.55052 0.477112 0.0154613 0.0888237 0.0243046
5 0.465561 0.498791 0.0329712 0.222424 0.0207677
5 0.548826 0.470059 0.0149341 0.0738194 0.0206223
5 0.551374 0.467628 0.0117983 0.0689997 0.020542
5 0.495994 0.503654 0.0208109 0.121426 0.0192592
5 0.491469 0.54146 0.0321675 0.1748 0.0168349
5 0.489802 0.555423 0.0360941 0.174761 0.0164302
8 0.380387 0.272314 0.0918669 0.208108 0.0127802
