3 0.502346 0.578345 0.0814514 0.0751283 0.861001
3 0.388142 0.501438 0.0589575 0.0527568 0.816841
8 0.319103 0.0626581 0.0238211 0.0382643 0.806459
8 0.317789 0.368196 0.0743183 0.179553 0.699507
5 0.468345 0.629714 0.014748 0.241836 0.12867
5 0.468089 0.632071 0.01912 0.260311 0.0599212
5 0.46673 0.667706 0.0197228 0.175259 0.04267
5 0.534783 0.605926 0.0271289 0.193245 0.0337356
5 0.468149 0.616346 0.0141097 0.216243 0.0282972
5 0.533946 0.604755 0.0191123 0.137871 0.0231641
5 0.467204 0.664456 0.0170341 0.160148 0.0224537
5 0.467883 0.638002 0.0205329 0.254497 0.0169108
5 0.536413 0.593304 0.0247146 0.167335 0.0161552
5 0.46783 0.599004 0.0126313 0.174887 0.0150693
5 0.531613 0.634595 0.0195743 0.119093 0.0149472
5 0.468131 0.636968 0.0147634 0.246656 0.0145955
5 0.532766 0.620165 0.0193831 0.126781 0.0142696
5 0.534957 0.614285 0.0304279 0.21086 0.012311
8 0.319302 0.365714 0.0755385 0.182769 0.011133
5 0.541331 0.549085 0.0114089 0.0781657 0.0103789
