3 0.54481 0.627001 0.1284 0.0619038 0.818872
8 0.116414 0.234329 0.0608352 0.0927714 0.352828
8 0.115987 0.268808 0.0615735 0.0243056 0.307314
8 0.882868 0.994511 0.0518248 0.0109788 0.239718
3 0.360341 0.534918 0.110759 0.0434925 0.153201
3 0.357784 0.5433 0.107593 0.0519481 0.134535
8 0.116672 0.234162 0.0587826 0.0949195 0.114394
3 0.355086 0.552076 0.104933 0.0534172 0.104454
8 0.891498 0.994464 0.0427086 0.0110727 0.0993466
8 0.906286 0.994549 0.0548669 0.0109026 0.0854005
3 0.310212 0.663932 0.0920946 0.0495526 0.0473426
3 0.352173 0.562538 0.101691 0.0471011 0.0349361
8 0.10224 0.213797 0.0270089 0.0552124 0.0309162
8 0.116252 0.255197 0.0620441 0.0514888 0.0211792
8 0.919165 0.994263 0.0756982 0.0114746 0.0128469
