8 0.111357 0.219387 0.0322538 0.0337143 0.819145
8 0.558038 0.905933 0.42335 0.0355492 0.593148
8 0.554525 0.908393 0.426376 0.0418847 0.180438
8 0.637771 0.907207 0.265756 0.033897 0.153641
8 0.484376 0.910016 0.292874 0.0364908 0.106396
8 0.618478 0.907665 0.308854 0.0334898 0.061344
8 0.56839 0.893191 0.450701 0.0435695 0.0467272
8 0.557225 0.895937 0.424421 0.0416661 0.0335276
7 0.309736 0.593911 0.214412 0.331549 0.0242858
8 0.56092 0.910264 0.43464 0.0465187 0.0187149
8 0.558195 0.895858 0.434436 0.0382843 0.0159003
8 0.462856 0.908115 0.238804 0.0354619 0.0106401
