8 0.0961112 0.221334 0.0455415 0.0338067 0.800864
3 0.506039 0.520215 0.222871 0.0826141 0.697064
3 0.562331 0.432648 0.169648 0.0654511 0.674931
8 0.0310405 0.386996 0.051123 0.0162514 0.579932
3 0.461664 0.521691 0.126702 0.0686544 0.39916
3 0.457067 0.540528 0.132417 0.108351 0.313806
3 0.459144 0.537977 0.128901 0.101724 0.221698
8 0.0311982 0.387512 0.0516052 0.016078 0.0806024
3 0.457269 0.547823 0.154595 0.209799 0.0610699
3 0.457277 0.41511 0.205521 0.0650526 0.0172734
3 0.454718 0.554466 0.156333 0.204075 0.0147203
8 0.0288146 0.361051 0.0543628 0.0695321 0.0122913
