3 0.628029 0.66218 0.187754 0.149564 0.858217
3 0.330505 0.605762 0.150926 0.0851046 0.835625
8 0.0709607 0.510628 0.0368726 0.0364441 0.803818
3 0.31239 0.753425 0.17631 0.100881 0.697457
8 0.0913492 0.942149 0.0674258 0.0260994 0.687562
5 0.555372 0.728361 0.0816046 0.352185 0.598542
5 0.270857 0.870721 0.0569858 0.216797 0.571056
5 0.273818 0.872971 0.0481047 0.21111 0.090937
5 0.257386 0.783109 0.065817 0.369533 0.0499784
5 0.250241 0.700938 0.0472525 0.203846 0.0445728
8 0.0898453 0.907904 0.0748024 0.094172 0.0396338
5 0.271803 0.862016 0.0490963 0.192097 0.0389406
5 0.70554 0.712276 0.0309033 0.307859 0.0321042
5 0.276156 0.87213 0.0448978 0.215018 0.0220792
5 0.543715 0.648621 0.0553299 0.190266 0.0140451
5 0.541681 0.637989 0.0510785 0.168311 0.0103764
