8 0.191456 0.873843 0.0995978 0.0681353 0.884843
3 0.603918 0.449973 0.281427 0.0851943 0.869204
5 0.734649 0.540698 0.116186 0.253568 0.772325
3 0.340213 0.429825 0.185614 0.0548221 0.156277
3 0.342185 0.429871 0.184535 0.0539497 0.112708
5 0.487141 0.430454 0.0381171 0.0495224 0.0573565
5 0.487379 0.4253 0.0331726 0.0494223 0.0216246
5 0.70974 0.554933 0.0623406 0.185567 0.0162288
5 0.703688 0.571806 0.0525649 0.212128 0.0152378
5 0.504867 0.485759 0.0769901 0.158566 0.0114776
5 0.501431 0.478276 0.0700078 0.143974 0.0105292
