3 0.436439 0.606078 0.285412 0.125868 0.901523
3 0.780304 0.589475 0.182778 0.0813721 0.874166
8 0.964002 0.906685 0.0719964 0.0724786 0.865595
5 0.698195 0.654077 0.0482018 0.441366 0.632263
5 0.842623 0.541985 0.0431318 0.131124 0.336129
5 0.843321 0.575679 0.0518591 0.187306 0.102769
5 0.559277 0.623476 0.0359161 0.163572 0.0824753
5 0.698192 0.650008 0.0503409 0.432522 0.0806881
5 0.561382 0.608076 0.0312461 0.128289 0.0628265
5 0.847231 0.598456 0.0574437 0.246224 0.0402119
5 0.847804 0.600643 0.0448329 0.222096 0.0369604
5 0.847525 0.603692 0.057431 0.252253 0.0277673
5 0.557353 0.608294 0.0341637 0.131115 0.026227
5 0.556841 0.623314 0.0373079 0.162502 0.0229931
5 0.854325 0.623844 0.0311492 0.166986 0.0145551
5 0.560094 0.615289 0.0343612 0.145064 0.014263
