3 0.433324 0.542383 0.236276 0.093699 0.912863
8 0.888457 0.331854 0.0949854 0.058865 0.889611
3 0.653204 0.516537 0.152813 0.0621714 0.84409
5 0.347654 0.593897 0.0680134 0.165099 0.842293
5 0.602081 0.554254 0.0627662 0.161739 0.838748
3 0.653623 0.515417 0.149366 0.0590625 0.237005
5 0.712155 0.51958 0.0327112 0.11537 0.177176
5 0.712728 0.500527 0.0324474 0.0789174 0.0913297
5 0.711818 0.532858 0.0342294 0.142913 0.0856321
5 0.71495 0.517142 0.0378217 0.11494 0.0711876
5 0.712364 0.515263 0.0370644 0.0911508 0.0637683
5 0.589725 0.495435 0.0345949 0.0496564 0.0291083
5 0.711737 0.546055 0.0354357 0.172823 0.0192295
5 0.711676 0.487825 0.0277439 0.0601973 0.0138327
5 0.531288 0.546116 0.0402541 0.0967774 0.0133252
