3 0.649989 0.583971 0.313443 0.0796753 0.892716
3 0.26612 0.391722 0.14065 0.0594903 0.882844
5 0.525114 0.693101 0.0476435 0.211485 0.743668
5 0.820151 0.537909 0.0655546 0.0955352 0.579062
8 0.0251461 0.358933 0.0278726 0.0125072 0.543616
5 0.76313 0.66533 0.0610687 0.150001 0.240143
5 0.767849 0.650668 0.0486661 0.118981 0.199628
5 0.819939 0.537292 0.0617815 0.0939052 0.150585
8 0.0276451 0.359832 0.0282488 0.0133207 0.0399649
5 0.52575 0.693073 0.0491495 0.208508 0.0378368
8 0.0241074 0.351856 0.0328839 0.0273411 0.0112637
