8 0.833804 0.402121 0.114892 0.0828508 0.907509
3 0.34631 0.590448 0.209951 0.124126 0.866833
5 0.260695 0.622915 0.0501384 0.302124 0.743832
5 0.432952 0.655421 0.0715814 0.373417 0.287098
5 0.261191 0.637537 0.0485704 0.259059 0.130685
5 0.450874 0.534717 0.0335796 0.121917 0.0705541
5 0.436502 0.596605 0.0560028 0.24172 0.0373602
5 0.421457 0.690179 0.044111 0.204008 0.0324284
5 0.446517 0.560562 0.0419813 0.173263 0.0282139
5 0.443074 0.575941 0.0465597 0.202559 0.0138777
5 0.448783 0.547205 0.0385855 0.14468 0.010275
