3 0.57614 0.437565 0.338464 0.0784378 0.859395
8 0.0553698 0.918362 0.100262 0.0499067 0.853984
5 0.497894 0.548126 0.140333 0.209781 0.439733
5 0.498955 0.552047 0.146266 0.20385 0.197487
5 0.710593 0.483073 0.037547 0.0838398 0.172049
3 0.269627 0.462608 0.18958 0.0629054 0.154454
5 0.710724 0.490046 0.0406142 0.0993089 0.0942338
5 0.49837 0.541894 0.140339 0.192914 0.0691597
3 0.269631 0.458644 0.194454 0.0628349 0.0629969
3 0.267972 0.435349 0.21699 0.0587477 0.0533075
3 0.269398 0.448172 0.206298 0.0680449 0.0359132
5 0.493089 0.521211 0.126985 0.148611 0.0252214
5 0.710875 0.501543 0.0449891 0.125559 0.0217583
5 0.71173 0.478073 0.0368588 0.0781167 0.0164026
