5 0.592503 0.775647 0.124646 0.422276 0.884427
3 0.482534 0.66877 0.259114 0.1387 0.86995
3 0.232712 0.645747 0.155517 0.0867741 0.828033
5 0.28952 0.710942 0.0344051 0.188623 0.782036
8 0.03473 0.227326 0.0356988 0.0359616 0.768472
5 0.168452 0.683168 0.0257684 0.152402 0.56272
8 0.0294389 0.384514 0.0588777 0.081096 0.502862
8 0.0292384 0.415621 0.0574782 0.0203867 0.316674
5 0.169538 0.682909 0.0260143 0.153054 0.0407142
5 0.292839 0.768984 0.0372257 0.301656 0.0327266
8 0.0292389 0.410427 0.0584778 0.0309391 0.0279132
8 0.0297088 0.391997 0.0594177 0.0658369 0.0155673
