3 0.491678 0.559283 0.255122 0.0850186 0.845025
5 0.388215 0.639968 0.110524 0.285913 0.824823
8 0.0924351 0.439741 0.0561124 0.0336764 0.810491
8 0.00844274 0.391044 0.0168855 0.0125753 0.149664
5 0.402806 0.660999 0.0834518 0.216669 0.0522891
5 0.574745 0.710822 0.0931458 0.281636 0.0467071
8 0.00860603 0.384495 0.0172121 0.0258846 0.0451092
5 0.588275 0.660664 0.0617603 0.168517 0.0263305
5 0.591443 0.645924 0.0448499 0.140112 0.0236922
8 0.00911031 0.375339 0.0182206 0.0507258 0.0227527
5 0.590136 0.652628 0.0528982 0.152644 0.020945
5 0.585712 0.670142 0.0689075 0.184989 0.0193604
5 0.577149 0.686244 0.0741192 0.222108 0.0163431
5 0.581944 0.679525 0.0726185 0.202463 0.011468
5 0.596396 0.638077 0.0416544 0.130881 0.0104222
