3 0.605899 0.399618 0.353118 0.0674989 0.893262
8 0.916359 0.92878 0.0952872 0.0593486 0.882669
8 0.37597 0.963704 0.104911 0.0319002 0.538522
8 0.181407 0.963028 0.248411 0.0306736 0.532854
7 0.807106 0.342931 0.159164 0.292995 0.392995
6 0.50331 0.614882 0.223325 0.420984 0.153228
8 0.284491 0.963002 0.250495 0.0340189 0.112626
8 0.243223 0.963182 0.378445 0.0405807 0.0373143
8 0.107015 0.964288 0.0943867 0.0246174 0.0221153
8 0.110268 0.963496 0.101181 0.0267409 0.0182133
7 0.435836 0.582276 0.343147 0.459353 0.0157316
8 0.203102 0.962638 0.282476 0.0333709 0.0109464
