8 0.771496 0.0265013 0.105184 0.0503198 0.880706
3 0.566958 0.310499 0.168815 0.0646581 0.847339
8 0.775796 0.100797 0.0563457 0.0351913 0.823582
5 0.627317 0.361431 0.0292939 0.133953 0.190349
5 0.627521 0.375802 0.0325002 0.168158 0.0795476
5 0.511434 0.411504 0.0453465 0.169906 0.0759777
5 0.512008 0.431106 0.0494277 0.211476 0.0590376
5 0.627979 0.395624 0.0357644 0.209873 0.0565069
5 0.510461 0.399904 0.0407826 0.139615 0.0228962
5 0.627351 0.3518 0.0271394 0.109885 0.0196576
5 0.626599 0.412714 0.0320264 0.233491 0.0157919
5 0.627662 0.403948 0.0347034 0.221937 0.0137051
5 0.509097 0.387006 0.036937 0.118004 0.0121048
5 0.630495 0.395898 0.0362284 0.207681 0.011179
