3 0.559472 0.346486 0.316507 0.10207 0.89672
8 0.0645542 0.0411243 0.0529027 0.0345429 0.783474
5 0.422138 0.361308 0.0537495 0.18647 0.59933
8 0.0147195 0.196081 0.029439 0.0200608 0.507465
5 0.693338 0.366023 0.105028 0.195786 0.15794
5 0.421678 0.352413 0.0506378 0.172841 0.0782818
5 0.68687 0.372964 0.0869837 0.161434 0.0582397
5 0.678981 0.407526 0.0766641 0.113505 0.0382304
3 0.202295 0.259389 0.222938 0.0543056 0.0275304
5 0.723309 0.306558 0.0493047 0.0889134 0.0229996
5 0.692634 0.366826 0.0903644 0.170031 0.0228674
5 0.721593 0.310848 0.0567086 0.100626 0.017253
5 0.680552 0.399358 0.0758547 0.102862 0.0152423
5 0.682441 0.38568 0.0757464 0.121427 0.0101027
