8 0.0583233 0.178892 0.097582 0.101297 0.915665
3 0.527539 0.560069 0.178257 0.0740972 0.840989
3 0.288732 0.590074 0.107747 0.0589661 0.807874
5 0.451593 0.555791 0.0498121 0.130165 0.802349
5 0.598197 0.606058 0.0712612 0.267131 0.774575
5 0.343017 0.622267 0.0405009 0.258948 0.700107
5 0.342926 0.626982 0.0374494 0.237098 0.23834
5 0.245056 0.578886 0.024901 0.122806 0.0903645
5 0.593826 0.633566 0.0650082 0.21089 0.0837938
5 0.244842 0.583247 0.0246462 0.124258 0.0592834
5 0.247785 0.57269 0.026328 0.123204 0.0573452
5 0.454576 0.533105 0.039534 0.0882148 0.0495864
5 0.247452 0.589265 0.0254225 0.128233 0.0390047
5 0.244533 0.597586 0.0239967 0.146343 0.0312332
5 0.452548 0.543186 0.0436809 0.10573 0.0176721
5 0.453309 0.541972 0.0435626 0.10819 0.0143078
5 0.248576 0.562122 0.0247827 0.106435 0.0136516
