3 0.616256 0.638814 0.202209 0.0998547 0.863723
8 0.0299634 0.889025 0.0382376 0.0340335 0.777171
8 0.0240352 0.78007 0.0203753 0.0175904 0.353899
5 0.708644 0.702769 0.0422192 0.328509 0.1632
8 0.0276236 0.780354 0.0240726 0.0178599 0.0338235
5 0.708663 0.749963 0.0360186 0.233041 0.0272468
3 0.319637 0.627773 0.150305 0.105188 0.0248568
5 0.705472 0.708658 0.029524 0.288779 0.024384
5 0.706377 0.710032 0.0290871 0.246866 0.0179439
5 0.708534 0.730255 0.0329607 0.205707 0.0128787
5 0.704877 0.697321 0.0288482 0.289121 0.0110531
5 0.707792 0.717188 0.0304827 0.199421 0.0107469
