5 0.399789 0.513653 0.129272 0.321323 0.845474
3 0.473408 0.423634 0.18056 0.0754217 0.823625
8 0.292608 0.961884 0.0541948 0.0350515 0.821971
8 0.182122 0.736039 0.0357137 0.0247212 0.370022
8 0.179985 0.736188 0.036042 0.0248482 0.317747
8 0.255272 0.995656 0.0555306 0.00825603 0.218047
5 0.536811 0.406942 0.0433594 0.0614308 0.126616
5 0.538579 0.418372 0.0471295 0.0808581 0.0888509
8 0.181133 0.736123 0.0281388 0.0203895 0.0400476
5 0.402099 0.455372 0.113943 0.195824 0.0350223
8 0.227862 0.995317 0.0416516 0.00910159 0.015923
5 0.538707 0.431359 0.0447365 0.120239 0.0120607
5 0.534963 0.399253 0.040572 0.0671496 0.0120102
