3 0.617966 0.357735 0.25872 0.0923434 0.889426
3 0.291759 0.332362 0.170357 0.0605937 0.843985
8 0.0785473 0.954367 0.0597128 0.0363065 0.801263
5 0.522238 0.398998 0.0704992 0.153667 0.712193
5 0.348612 0.412695 0.0512912 0.195446 0.328994
5 0.347801 0.454172 0.0502284 0.279509 0.142269
5 0.349777 0.385974 0.0477735 0.143693 0.0742171
5 0.350211 0.368651 0.0412028 0.105898 0.0356291
5 0.532902 0.46549 0.0954215 0.296747 0.0349489
5 0.727704 0.371855 0.0520269 0.137268 0.0184558
5 0.344861 0.381052 0.0414819 0.131881 0.0140872
5 0.729639 0.368432 0.0478582 0.135478 0.0109527
