8 0.15399 0.139549 0.127926 0.0836565 0.899571
3 0.435643 0.37235 0.256674 0.0684252 0.835537
5 0.507152 0.42853 0.138412 0.209954 0.445624
5 0.311712 0.398701 0.0749079 0.231848 0.323782
5 0.314792 0.404082 0.0827651 0.230285 0.148086
5 0.315223 0.418506 0.0773372 0.183535 0.13493
5 0.315358 0.410751 0.0768657 0.184953 0.0846624
5 0.314833 0.401902 0.081169 0.229321 0.0688957
5 0.532877 0.360449 0.0813029 0.0510561 0.045857
5 0.532423 0.37059 0.0807654 0.0673091 0.045788
5 0.522356 0.403618 0.105037 0.151382 0.0331881
5 0.314581 0.403519 0.0750766 0.142655 0.0297384
5 0.530711 0.37623 0.0832467 0.0872365 0.0270662
5 0.532717 0.351223 0.0813787 0.0544079 0.0225005
5 0.528083 0.386771 0.0899273 0.11045 0.0103047
