8 0.764842 0.515119 0.0304416 0.0382948 0.831805
4 0.531681 0.884951 0.178245 0.220301 0.802126
4 0.531866 0.88398 0.179931 0.220959 0.709222
4 0.601574 0.611151 0.249193 0.105358 0.607852
4 0.497853 0.0762213 0.354129 0.13432 0.534183
4 0.662821 0.140169 0.268012 0.176768 0.324005
8 0.743938 0.172258 0.108546 0.0911181 0.310101
4 0.625513 0.325308 0.12003 0.107887 0.214571
4 0.598635 0.611582 0.251732 0.108369 0.174
4 0.497559 0.0772687 0.356192 0.138225 0.0746185
4 0.509007 0.0755898 0.369272 0.128918 0.0702325
4 0.623868 0.327154 0.120835 0.110347 0.0523467
4 0.658776 0.137472 0.283901 0.177923 0.0440714
4 0.654346 0.150601 0.260074 0.216664 0.0313147
4 0.498155 0.0758713 0.356436 0.13895 0.0229834
4 0.497315 0.0851088 0.351456 0.135537 0.0195527
4 0.518033 0.0874927 0.383996 0.121381 0.017821
4 0.626202 0.42024 0.123662 0.28288 0.0136678
4 0.625637 0.318433 0.118795 0.105133 0.0123793
