4 0.538993 0.703018 0.460305 0.328613 0.956056
8 0.936102 0.908165 0.0803845 0.0528705 0.855992
4 0.666492 0.448444 0.21395 0.176312 0.779076
4 0.624124 0.448165 0.289578 0.176302 0.360484
8 0.823619 0.289767 0.168808 0.0606423 0.353059
4 0.460336 0.145264 0.600994 0.251899 0.317756
3 0.644027 0.416511 0.393749 0.103636 0.187569
4 0.616728 0.25146 0.29336 0.155381 0.165962
3 0.288644 0.104357 0.258442 0.0529932 0.137749
4 0.351733 0.150378 0.369922 0.263672 0.127565
4 0.823619 0.289767 0.168808 0.0606423 0.0452269
3 0.505002 0.668012 0.239274 0.0716686 0.0146244
