4 0.726494 0.68671 0.531634 0.428324 0.956507
8 0.138034 0.506489 0.0790517 0.0350621 0.819692
4 0.70233 0.783954 0.483382 0.240193 0.78819
3 0.533745 0.317699 0.380782 0.0774652 0.243147
4 0.597018 0.0410493 0.805965 0.0743644 0.144838
3 0.537861 0.328806 0.340067 0.0598585 0.107637
3 0.81253 0.637296 0.37494 0.111884 0.0480781
4 0.610578 0.057365 0.778844 0.104131 0.0390695
8 0.907192 0.270084 0.175769 0.078638 0.0336198
4 0.483851 0.881458 0.255376 0.232047 0.0323835
8 0.70233 0.783954 0.483382 0.240193 0.0293228
8 0.702045 0.784804 0.486441 0.239729 0.025458
4 0.598543 0.0684085 0.802913 0.130504 0.0194075
7 0.207846 0.357016 0.275359 0.226508 0.0184754
4 0.907192 0.270084 0.175769 0.078638 0.0132508
4 0.608264 0.0479336 0.783472 0.0878553 0.0105002
