8 0.936064 0.963491 0.0887312 0.0548818 0.869315
3 0.762817 0.422648 0.118484 0.0464849 0.841149
4 0.229623 0.19797 0.459246 0.353407 0.71049
3 0.486614 0.460586 0.320667 0.0613364 0.539852
0 0.499181 0.599827 0.19507 0.0383406 0.414777
4 0.0541778 0.340798 0.108356 0.0620947 0.27556
4 0.328643 0.789244 0.657287 0.0629073 0.203817
3 0.165811 0.5356 0.236004 0.0976656 0.160401
4 0.328228 0.812527 0.656457 0.107355 0.117305
4 0.316434 0.63391 0.632867 0.308272 0.112713
0 0.498409 0.602971 0.194234 0.0370553 0.0929268
4 0.317622 0.604436 0.635244 0.380644 0.0883161
4 0.320156 0.61441 0.640312 0.0579591 0.0433169
4 0.321788 0.689626 0.643576 0.194307 0.0314052
4 0.327115 0.809896 0.65423 0.107217 0.0302076
4 0.328571 0.758215 0.657142 0.0861467 0.0192832
4 0.0606285 0.300835 0.121257 0.166849 0.0151384
4 0.321811 0.59505 0.643622 0.138539 0.0105176
