3 0.298503 0.290053 0.13693 0.0556316 0.860174
8 0.103631 0.235617 0.0563871 0.0339734 0.828547
4 0.698038 0.767835 0.603033 0.137517 0.770359
0 0.57833 0.534926 0.195192 0.0505937 0.483746
4 0.70789 0.543811 0.573067 0.0642564 0.449897
3 0.611711 0.358996 0.341421 0.0667613 0.320445
4 0.697648 0.800857 0.598582 0.13283 0.112546
0 0.579171 0.534922 0.195423 0.0501799 0.0593286
4 0.700038 0.663023 0.599924 0.259081 0.0544168
4 0.70856 0.562539 0.582542 0.0474433 0.0471996
4 0.697596 0.727706 0.604807 0.21668 0.0368575
0 0.611711 0.358996 0.341421 0.0667613 0.015444
