8 0.652887 0.421406 0.0309168 0.0382556 0.833572
3 0.483862 0.319056 0.170187 0.071055 0.795233
8 0.811927 0.528421 0.100626 0.0970229 0.741415
3 0.342162 0.259485 0.0602384 0.0577492 0.61293
8 0.700804 0.263814 0.156553 0.0869594 0.609337
4 0.588368 0.744869 0.353583 0.0972815 0.222608
4 0.638003 0.795184 0.448611 0.0598041 0.117093
4 0.639995 0.559933 0.452844 0.0673606 0.113064
4 0.641285 0.547539 0.459176 0.0721143 0.105218
4 0.584226 0.565607 0.340007 0.0727631 0.0960181
4 0.616233 0.800483 0.404683 0.0607512 0.0874271
4 0.590273 0.737754 0.352466 0.122555 0.0683043
4 0.566913 0.559339 0.306733 0.0640881 0.0557648
4 0.697894 0.262826 0.158405 0.0882986 0.0506998
4 0.588173 0.764585 0.352099 0.122034 0.0493545
8 0.787328 0.0930725 0.150456 0.138454 0.0469789
4 0.70865 0.848331 0.315608 0.193605 0.0449179
4 0.575271 0.547442 0.320951 0.0594119 0.0339435
4 0.64287 0.813899 0.457853 0.081023 0.0311005
4 0.639469 0.550697 0.450405 0.0775061 0.0285027
4 0.635553 0.821552 0.443226 0.0847487 0.0274308
4 0.640504 0.550381 0.455987 0.0646187 0.0222156
4 0.643274 0.625575 0.460593 0.748851 0.0193651
4 0.587796 0.765159 0.348922 0.0974244 0.0188156
4 0.566833 0.537563 0.306064 0.0427237 0.0178336
8 0.79227 0.0941776 0.133805 0.138954 0.0171499
4 0.698191 0.261796 0.15584 0.0875815 0.0160917
3 0.516099 0.650039 0.165932 0.152756 0.0159374
4 0.641694 0.817578 0.452537 0.11394 0.0139251
8 0.697894 0.262826 0.158405 0.0882986 0.0128706
8 0.849795 0.903776 0.0251086 0.0777502 0.0126655
8 0.787637 0.0915414 0.148834 0.13814 0.0109028
4 0.730858 0.54033 0.264015 0.0967784 0.0108959
