3 0.301973 0.59007 0.181921 0.0791431 0.889129
3 0.598947 0.555718 0.335861 0.12838 0.869057
8 0.0759148 0.949489 0.0801401 0.0622592 0.816503
5 0.730113 0.670486 0.0864948 0.296411 0.715493
5 0.225131 0.649784 0.0698758 0.224212 0.299894
5 0.223965 0.644296 0.0630549 0.205617 0.260321
5 0.407802 0.784541 0.0845296 0.328006 0.173939
5 0.715246 0.68411 0.0516321 0.21292 0.0992916
5 0.713692 0.692488 0.0502666 0.226053 0.0854277
5 0.222381 0.630907 0.0597319 0.18328 0.0703102
5 0.224063 0.641988 0.063048 0.208904 0.0276795
5 0.220556 0.614958 0.0540767 0.137505 0.0239768
5 0.717547 0.674875 0.0516224 0.193085 0.0182977
