8 0.93279 0.222837 0.0999713 0.0733267 0.896408
3 0.532633 0.658428 0.216228 0.0905323 0.846385
5 0.44507 0.738114 0.0591899 0.263086 0.277785
5 0.621006 0.663379 0.0691756 0.276989 0.258808
5 0.443312 0.723847 0.0460564 0.229106 0.201159
3 0.532271 0.658005 0.217408 0.0912022 0.12707
5 0.636948 0.589385 0.0395255 0.132712 0.0603294
5 0.449328 0.739548 0.0561282 0.262881 0.0533077
5 0.608884 0.715441 0.0440548 0.147188 0.0312482
5 0.608529 0.723576 0.0462687 0.159958 0.0219421
5 0.449972 0.766897 0.0500961 0.206888 0.0211698
5 0.635022 0.598135 0.0473063 0.152554 0.0203174
