3 0.52401 0.549718 0.187236 0.0992294 0.861209
8 0.0190524 0.0850912 0.0259485 0.033247 0.78638
3 0.341218 0.49875 0.113213 0.0682978 0.764995
5 0.590713 0.568232 0.0572741 0.0865773 0.200006
5 0.434132 0.597617 0.027921 0.170747 0.135573
5 0.250077 0.626349 0.0967105 0.274986 0.111785
5 0.436426 0.584615 0.0213954 0.13453 0.0543539
5 0.411079 0.673481 0.0775084 0.324213 0.0496634
5 0.431574 0.609123 0.0330897 0.189732 0.0479823
5 0.345417 0.61863 0.0904266 0.233398 0.0358193
5 0.594386 0.567912 0.0618057 0.092783 0.0358136
5 0.267963 0.589108 0.056922 0.203631 0.0357671
5 0.588345 0.574764 0.0655721 0.102382 0.030681
5 0.272119 0.570706 0.048005 0.16739 0.0175612
5 0.425491 0.621999 0.0514144 0.228346 0.0175385
5 0.429432 0.617312 0.0358373 0.1945 0.0168825
5 0.580485 0.585237 0.0695075 0.10872 0.0155421
5 0.426971 0.627221 0.0393593 0.204701 0.0146028
5 0.596171 0.563505 0.0561794 0.0817455 0.0142203
5 0.435046 0.598212 0.029362 0.18184 0.0124315
5 0.437069 0.572528 0.018401 0.106903 0.0122959
5 0.585512 0.585861 0.0778784 0.12746 0.0117197
