3 0.526432 0.485133 0.203073 0.0997275 0.879832
8 0.0266816 0.0876502 0.0341236 0.0317425 0.777375
5 0.436276 0.575145 0.0938015 0.245113 0.413487
5 0.441643 0.565015 0.0732012 0.207435 0.321444
5 0.444572 0.550252 0.0663583 0.180089 0.130875
5 0.636946 0.594563 0.0628997 0.172006 0.10904
5 0.634067 0.609572 0.0673566 0.199372 0.0607302
5 0.537973 0.614706 0.117341 0.231208 0.042659
5 0.639257 0.58531 0.0564479 0.149879 0.0344033
3 0.623979 0.492328 0.128099 0.0731353 0.0268844
3 0.630635 0.474652 0.154563 0.0733752 0.019853
5 0.4175 0.613041 0.132151 0.307 0.0170022
8 0.0272552 0.087638 0.0354792 0.0326918 0.0112787
3 0.628244 0.483691 0.14167 0.0703302 0.0110447
