8 0.948663 0.818702 0.0971317 0.0618655 0.891073
3 0.765367 0.394297 0.109183 0.0515605 0.863174
3 0.408389 0.554299 0.220363 0.0846117 0.858351
3 0.717378 0.607352 0.146169 0.0922834 0.804827
5 0.51935 0.566288 0.0843322 0.191081 0.583059
5 0.656294 0.646033 0.0455962 0.255913 0.45855
5 0.315015 0.592449 0.0453908 0.17976 0.454588
5 0.657614 0.71216 0.0474254 0.376105 0.318662
5 0.518884 0.567073 0.0830133 0.184731 0.262442
5 0.314874 0.59527 0.0488943 0.186296 0.253848
5 0.656895 0.640073 0.0425243 0.226958 0.139357
5 0.657384 0.65437 0.044037 0.23518 0.0129416
8 0.993844 0.940466 0.0123124 0.0343454 0.0112692
