8 0.917722 0.045749 0.117606 0.0713942 0.888122
3 0.471904 0.552329 0.216313 0.0969871 0.838499
5 0.55419 0.566551 0.0822986 0.175221 0.517733
5 0.397758 0.62334 0.0833343 0.355766 0.403551
5 0.374108 0.53548 0.031602 0.164859 0.0884978
5 0.384621 0.576499 0.0556457 0.236697 0.0756857
5 0.376215 0.550726 0.0374169 0.202504 0.0603618
5 0.379758 0.56207 0.0444524 0.213394 0.0393721
5 0.555641 0.566874 0.0776718 0.158982 0.0349934
5 0.373427 0.527839 0.0279516 0.151676 0.0271249
5 0.397071 0.611502 0.0769484 0.288408 0.0179718
5 0.394265 0.571101 0.0657957 0.224907 0.0175805
