3 0.276945 0.547046 0.178088 0.0920108 0.866163
3 0.572251 0.488176 0.201994 0.0865087 0.857836
5 0.343081 0.585939 0.0662632 0.428715 0.822858
5 0.482987 0.525056 0.0283945 0.138398 0.569305
5 0.215108 0.549956 0.0492407 0.404678 0.521691
8 0.0840884 0.0729419 0.0745422 0.0615977 0.477596
8 0.0712145 0.0644207 0.0456857 0.0361836 0.402198
5 0.204637 0.631447 0.0266413 0.215518 0.289146
8 0.0857892 0.0906043 0.0746842 0.0259288 0.185331
5 0.352367 0.479935 0.0406519 0.201868 0.145565
5 0.652553 0.503475 0.0363573 0.137742 0.0398647
8 0.0866722 0.0724403 0.0752909 0.0553435 0.0372253
5 0.218624 0.591416 0.0493767 0.497065 0.0362984
5 0.212646 0.542031 0.0496538 0.257243 0.0248536
5 0.480679 0.48813 0.0259674 0.19384 0.0208767
5 0.205957 0.614646 0.0281547 0.183143 0.0175092
5 0.481419 0.422307 0.0180964 0.0716065 0.0161015
5 0.481297 0.426778 0.0179433 0.0742501 0.0147463
5 0.219128 0.606158 0.0496984 0.523828 0.0140514
5 0.216363 0.461659 0.0506636 0.235727 0.0129358
