8 0.0838623 0.119842 0.167725 0.111398 0.915931
3 0.488563 0.568976 0.191084 0.170382 0.7797
5 0.409966 0.538164 0.0466838 0.271119 0.606723
5 0.562015 0.602089 0.0527334 0.275851 0.383268
5 0.564095 0.593164 0.0435988 0.264078 0.136679
3 0.485455 0.537001 0.185828 0.0878635 0.0790925
5 0.564302 0.586482 0.0427652 0.243543 0.0783674
3 0.483053 0.529514 0.184282 0.0730372 0.0705906
5 0.411643 0.553885 0.0429597 0.254275 0.0676204
5 0.409143 0.549843 0.0429163 0.296119 0.0532953
3 0.489683 0.581846 0.186564 0.115834 0.0201166
3 0.489164 0.582614 0.18539 0.120442 0.0101013
