3 0.763292 0.475068 0.110355 0.0636203 0.869767
8 0.908408 0.351797 0.0409777 0.0643567 0.807557
3 0.48909 0.645999 0.323697 0.156177 0.432678
5 0.640313 0.649892 0.0438446 0.157555 0.359862
5 0.403206 0.727123 0.144955 0.208717 0.181858
3 0.491337 0.631095 0.323733 0.130571 0.156794
3 0.497492 0.703906 0.328324 0.259779 0.0318605
3 0.403206 0.727123 0.144955 0.208717 0.017321
3 0.488257 0.709579 0.310331 0.220203 0.0144031
5 0.400239 0.720805 0.131817 0.181184 0.0135475
3 0.495546 0.700999 0.330589 0.261746 0.0130829
