0 0.547647 0.691585 0.0916109 0.0446909 0.891879
0 0.575208 0.552353 0.233065 0.0434987 0.862821
3 0.206603 0.498245 0.124805 0.0512935 0.861867
8 0.0695478 0.0686161 0.0480946 0.0341662 0.782373
8 0.0545727 0.135108 0.0438124 0.0132921 0.596566
0 0.530814 0.761197 0.103617 0.0436855 0.594699
0 0.531532 0.760819 0.100318 0.0420501 0.314563
7 0.689912 0.698243 0.18521 0.36303 0.263306
0 0.51948 0.630796 0.260382 0.05117 0.218036
3 0.217071 0.667564 0.162188 0.0421497 0.190691
7 0.696154 0.754238 0.203651 0.47705 0.0542066
7 0.815323 0.748147 0.310221 0.494634 0.0503267
0 0.501878 0.549761 0.0820281 0.0394965 0.042654
0 0.217071 0.667564 0.162188 0.0421497 0.0409435
0 0.64671 0.553913 0.0833058 0.0344737 0.0293675
8 0.0540605 0.121415 0.047367 0.0411273 0.0261149
0 0.508735 0.551661 0.0956672 0.0408391 0.0238836
0 0.630951 0.553079 0.114405 0.0380159 0.0224485
0 0.635801 0.55022 0.100085 0.0392819 0.02113
0 0.512209 0.690276 0.0782078 0.046101 0.0147004
0 0.515183 0.631301 0.253026 0.0535033 0.0119683
7 0.691732 0.727928 0.191862 0.41805 0.0112389
3 0.51948 0.630796 0.260382 0.05117 0.011056
4 0.188335 0.77806 0.0536923 0.378196 0.0104563
