0 0.420124 0.647026 0.230727 0.0372637 0.873834
8 0.0708604 0.113931 0.0802405 0.058815 0.863284
0 0.448972 0.724649 0.174246 0.0384288 0.671221
3 0.403692 0.577337 0.269843 0.0566951 0.664925
5 0.513608 0.642965 0.0604587 0.275515 0.206785
0 0.419238 0.646069 0.231421 0.0362305 0.2027
5 0.522816 0.673932 0.041543 0.188794 0.0566824
7 0.681357 0.603508 0.388264 0.389262 0.0549487
0 0.403692 0.577337 0.269843 0.0566951 0.0439092
3 0.448972 0.724649 0.174246 0.0384288 0.0198549
0 0.401913 0.63611 0.276671 0.256795 0.0126143
3 0.420124 0.647026 0.230727 0.0372637 0.0116236
