3 0.588322 0.725732 0.255701 0.0834734 0.888664
5 0.511177 0.656835 0.0814622 0.135297 0.862139
3 0.280282 0.625024 0.151578 0.0745567 0.858443
8 0.980675 0.717983 0.0386497 0.0815551 0.830705
8 0.929641 0.553509 0.0350786 0.032835 0.802629
4 0.711258 0.594427 0.49925 0.730592 0.769072
5 0.344224 0.715794 0.0379042 0.214268 0.650329
5 0.366283 0.788835 0.0767239 0.367028 0.504742
4 0.711809 0.608267 0.467038 0.705314 0.46243
5 0.682441 0.840062 0.0801629 0.240189 0.399414
5 0.356862 0.726249 0.0646872 0.242187 0.121279
4 0.712149 0.607272 0.474138 0.699592 0.0726546
4 0.711144 0.62 0.477193 0.661753 0.0462603
4 0.693413 0.595326 0.475031 0.72876 0.0388409
5 0.677945 0.830861 0.0687661 0.215901 0.0139014
5 0.33829 0.69416 0.0252759 0.173452 0.0135527
