8 0.0602227 0.309765 0.0742587 0.0712349 0.90529
3 0.451652 0.726355 0.185098 0.0853742 0.885813
5 0.39443 0.659731 0.064637 0.136531 0.851611
3 0.233608 0.621675 0.104024 0.0699101 0.850418
4 0.547068 0.610529 0.429448 0.64215 0.738392
5 0.266195 0.780177 0.0345565 0.353857 0.386038
4 0.551204 0.621043 0.422387 0.649759 0.25837
5 0.503875 0.853823 0.0665727 0.2541 0.213618
5 0.264366 0.742178 0.025213 0.262266 0.13918
5 0.266407 0.787067 0.0353433 0.364468 0.0563007
5 0.503801 0.840269 0.0622622 0.222041 0.0240982
5 0.270426 0.779882 0.0366606 0.354801 0.010398
