5 0.400263 0.660694 0.0757242 0.122107 0.884921
3 0.45722 0.722054 0.205014 0.0906205 0.846867
8 0.85641 0.888688 0.0392322 0.0361375 0.812424
5 0.519051 0.848912 0.0722755 0.25608 0.771622
3 0.205498 0.639362 0.107048 0.0603087 0.750385
5 0.246392 0.792556 0.0374686 0.347724 0.658371
5 0.518493 0.83783 0.0709418 0.223573 0.1482
5 0.242541 0.73181 0.0249088 0.22459 0.122067
5 0.24312 0.772175 0.0287878 0.29281 0.115937
3 0.45444 0.788541 0.193375 0.23356 0.0233271
5 0.245872 0.788098 0.0360612 0.343907 0.013298
