3 0.569328 0.562989 0.252465 0.101556 0.852771
8 0.0258139 0.881258 0.0516278 0.0979871 0.829346
8 0.86378 0.0813406 0.0402406 0.0361475 0.773928
3 0.419775 0.430919 0.236577 0.0862721 0.747534
5 0.632503 0.502985 0.0987277 0.114457 0.71804
5 0.427019 0.696984 0.266459 0.606032 0.301833
5 0.6855 0.647289 0.0280777 0.22361 0.239808
5 0.640343 0.602257 0.114201 0.294023 0.228184
5 0.508526 0.657988 0.0636671 0.192488 0.127329
5 0.421214 0.580865 0.251997 0.366892 0.122971
5 0.46872 0.698472 0.178011 0.585941 0.0914657
7 0.791523 0.534374 0.416955 0.62988 0.0465506
5 0.685582 0.636485 0.0261157 0.204733 0.0462411
5 0.492997 0.711383 0.127319 0.567249 0.0318988
5 0.505961 0.642468 0.0658164 0.162023 0.0197509
