8 0.922865 0.823176 0.0845497 0.0717485 0.893983
3 0.840399 0.329661 0.114775 0.0628107 0.884057
5 0.403897 0.634211 0.107905 0.316729 0.858247
3 0.778362 0.577052 0.139267 0.102788 0.849117
5 0.60791 0.481612 0.0603406 0.0732926 0.770823
3 0.503981 0.521374 0.2918 0.106639 0.746252
5 0.711392 0.620147 0.0524996 0.291087 0.684696
5 0.686509 0.727195 0.113561 0.512508 0.448422
5 0.613082 0.579919 0.0519069 0.10378 0.189244
5 0.714097 0.616345 0.0419238 0.262711 0.0629373
5 0.610553 0.584863 0.0595494 0.117143 0.0426216
5 0.831385 0.62953 0.0222137 0.118252 0.0112417
5 0.615046 0.574661 0.0441286 0.0892165 0.0102778
