8 0.829333 0.922121 0.0772358 0.0764727 0.901138
3 0.443009 0.513004 0.190748 0.111415 0.849105
3 0.525788 0.563804 0.104663 0.0758244 0.501703
5 0.53816 0.765128 0.0751288 0.43723 0.346543
5 0.363917 0.529888 0.0312379 0.189067 0.278971
5 0.550536 0.652474 0.0502305 0.210891 0.114565
5 0.364838 0.522457 0.0302227 0.174594 0.10364
3 0.525084 0.521773 0.104297 0.17074 0.091973
5 0.522643 0.560155 0.0931516 0.275188 0.0822263
5 0.364962 0.537079 0.035927 0.201963 0.0304405
5 0.528304 0.551505 0.0866182 0.258732 0.0233685
5 0.545023 0.666905 0.0621193 0.241164 0.0213812
