3 0.567408 0.633964 0.289817 0.101694 0.863883
3 0.223814 0.628146 0.184674 0.0775051 0.859646
8 0.0868409 0.930892 0.0539761 0.0361124 0.782121
5 0.682197 0.693356 0.0644146 0.192 0.689604
5 0.288636 0.645792 0.0695964 0.205421 0.650463
5 0.158715 0.681895 0.0520709 0.174684 0.568537
5 0.291356 0.641575 0.0630419 0.197877 0.490901
5 0.43971 0.648709 0.0884603 0.17671 0.326907
5 0.443695 0.667453 0.101105 0.217535 0.170214
5 0.450265 0.723793 0.111855 0.327238 0.0276615
5 0.680838 0.701049 0.0703107 0.212146 0.0267362
5 0.158622 0.70553 0.0556561 0.224093 0.0244305
5 0.158161 0.71311 0.0575693 0.235105 0.0200184
5 0.302812 0.829551 0.0314436 0.273112 0.0136651
