8 0.0461531 0.86259 0.0839895 0.100864 0.889687
3 0.489026 0.615 0.170572 0.0839343 0.855284
5 0.399212 0.657147 0.0581972 0.300285 0.0843482
5 0.410401 0.649579 0.0418845 0.24566 0.0841524
5 0.408106 0.657267 0.0463042 0.24358 0.0767137
5 0.392466 0.688108 0.0744546 0.365246 0.0501087
5 0.396647 0.669876 0.0652657 0.324616 0.0488102
5 0.411249 0.633954 0.0367394 0.227635 0.0329345
5 0.402827 0.655425 0.0648215 0.297835 0.0316202
5 0.387706 0.695147 0.0834158 0.374312 0.024076
5 0.403044 0.682059 0.0537292 0.223561 0.020745
5 0.384607 0.705374 0.0891161 0.373449 0.0128269
