8 0.913387 0.847627 0.123294 0.113349 0.927982
0 0.353909 0.526555 0.144502 0.0642617 0.869901
0 0.46593 0.398638 0.495325 0.190381 0.749053
0 0.36935 0.362997 0.359354 0.112166 0.64953
0 0.578577 0.398274 0.25983 0.188401 0.480311
0 0.36982 0.364529 0.360946 0.114721 0.480288
3 0.636058 0.438269 0.122121 0.116717 0.349174
0 0.344921 0.366894 0.291215 0.112326 0.154027
0 0.353628 0.444279 0.18895 0.0404935 0.101852
4 0.408287 0.506917 0.0447742 0.0328026 0.062252
0 0.415406 0.602339 0.0427113 0.035975 0.0606059
0 0.353922 0.455188 0.172816 0.0424123 0.0506826
0 0.408287 0.506917 0.0447742 0.0328026 0.0466136
0 0.415501 0.601795 0.0426175 0.0359101 0.0328157
0 0.636058 0.438269 0.122121 0.116717 0.0298781
4 0.415406 0.602339 0.0427113 0.035975 0.0252254
0 0.409854 0.516265 0.0529043 0.186902 0.0159712
0 0.372285 0.366464 0.350043 0.113388 0.0156699
0 0.326743 0.523565 0.0929223 0.044155 0.0122298
0 0.367597 0.52954 0.135485 0.188857 0.0103139
0 0.43998 0.370624 0.502803 0.137002 0.0100947
