4 0.396887 0.529427 0.298243 0.266587 0.956429
8 0.892428 0.690404 0.114245 0.086542 0.916667
4 0.658563 0.486326 0.153843 0.176589 0.887785
8 0.52167 0.954117 0.510567 0.0328693 0.715739
3 0.648595 0.492214 0.178379 0.0730399 0.169522
8 0.518185 0.951426 0.519934 0.0258974 0.0572125
3 0.396711 0.482429 0.304525 0.0935223 0.0309141
8 0.325404 0.955735 0.124071 0.0287439 0.0211492
3 0.407148 0.474029 0.299335 0.0953818 0.0174383
8 0.733773 0.955986 0.0933352 0.0274124 0.0149631
8 0.326363 0.955836 0.124548 0.0283108 0.0131198
8 0.334713 0.955657 0.13837 0.0285694 0.0128932
8 0.578116 0.956055 0.423834 0.0298565 0.0128419
