4 0.518818 0.566322 0.323324 0.309206 0.962172
8 0.868727 0.683906 0.128725 0.0900306 0.898914
8 0.493372 0.972101 0.5887 0.0327993 0.650505
3 0.527002 0.50597 0.220955 0.0715874 0.362642
8 0.616082 0.971261 0.347561 0.0318235 0.239548
7 0.31228 0.661407 0.313906 0.529511 0.215091
8 0.495878 0.974459 0.586919 0.0263168 0.150382
8 0.616202 0.970898 0.342328 0.0323573 0.110577
8 0.489366 0.973015 0.60738 0.0273432 0.07199
3 0.523618 0.496769 0.245965 0.081344 0.0490504
8 0.233814 0.969314 0.0826929 0.0286214 0.0244616
8 0.490077 0.977715 0.580774 0.0385082 0.0221075
8 0.486547 0.970957 0.590344 0.0308621 0.0199111
8 0.735094 0.969981 0.0921122 0.0276969 0.019708
8 0.221229 0.969449 0.055809 0.0285907 0.0114211
7 0.698172 0.720066 0.23101 0.436798 0.0100095
