8 0.959981 0.356988 0.06281 0.0870168 0.884173
0 0.410297 0.618848 0.121787 0.0406922 0.836648
7 0.755907 0.515603 0.139214 0.249196 0.505004
4 0.453374 0.682133 0.0365877 0.0267693 0.307887
0 0.654087 0.580043 0.10685 0.0546265 0.280943
3 0.654087 0.580043 0.10685 0.0546265 0.1414
0 0.419059 0.572415 0.144865 0.0465837 0.135095
0 0.451076 0.655532 0.0457068 0.155266 0.0508109
0 0.453374 0.682133 0.0365877 0.0267693 0.037059
0 0.420135 0.563195 0.157441 0.0471689 0.0293957
0 0.653789 0.579354 0.105633 0.0553299 0.0245604
0 0.420022 0.568917 0.146822 0.040524 0.0242415
8 0.206982 0.922691 0.0495574 0.0469487 0.0231088
0 0.42268 0.579288 0.140131 0.0608594 0.0197775
0 0.439048 0.636696 0.0799434 0.163014 0.0134059
