8 0.12084 0.218481 0.149197 0.152056 0.932567
3 0.590696 0.509601 0.191866 0.0941452 0.845547
5 0.520545 0.596137 0.0532076 0.37846 0.372755
5 0.66739 0.573983 0.0518773 0.300529 0.349555
5 0.668794 0.57354 0.0562988 0.301442 0.344341
5 0.667577 0.573019 0.0506031 0.294965 0.22616
5 0.671705 0.564357 0.0417944 0.252619 0.139613
5 0.450944 0.563495 0.0325145 0.286584 0.0497441
5 0.672307 0.548029 0.0402072 0.219875 0.0379833
5 0.450676 0.516297 0.0275979 0.212932 0.0351138
3 0.500098 0.452861 0.129132 0.0718884 0.031956
5 0.521975 0.582343 0.0533529 0.349878 0.0282745
5 0.662976 0.618901 0.0482399 0.197633 0.0218866
5 0.514129 0.523614 0.0422596 0.198054 0.0195429
5 0.450639 0.502523 0.026293 0.181598 0.0135905
5 0.513664 0.554724 0.0443819 0.250094 0.0121681
5 0.451578 0.541162 0.028463 0.25693 0.0109582
