3 0.519377 0.505559 0.252108 0.119931 0.88088
8 0.903073 0.861673 0.0489908 0.0376288 0.833969
3 0.805949 0.512848 0.160184 0.0678937 0.763448
5 0.410651 0.592858 0.0600334 0.289279 0.371404
5 0.417675 0.562346 0.0423714 0.224541 0.362833
5 0.549351 0.693873 0.155555 0.340985 0.203953
5 0.573653 0.611739 0.105794 0.172719 0.0951391
5 0.57096 0.628088 0.112215 0.202659 0.0216084
5 0.417517 0.582173 0.0459099 0.263895 0.0145843
5 0.56729 0.623488 0.1268 0.206431 0.0109894
5 0.560479 0.646621 0.132504 0.242832 0.0100304
