8 0.0576065 0.362949 0.0780337 0.110524 0.901358
3 0.549575 0.556375 0.265333 0.135138 0.898425
3 0.28381 0.609444 0.129356 0.096448 0.881949
5 0.371594 0.732666 0.083577 0.282001 0.71457
5 0.46679 0.651234 0.122556 0.277441 0.381421
5 0.45211 0.611863 0.0908501 0.189421 0.27283
5 0.659125 0.614093 0.0484943 0.266271 0.235884
5 0.449663 0.606909 0.085186 0.180705 0.0603087
5 0.656608 0.600952 0.0418907 0.225674 0.0535115
5 0.658084 0.614059 0.0488866 0.265759 0.0240528
5 0.656508 0.610835 0.0423537 0.245573 0.0177545
5 0.656651 0.620929 0.0411484 0.233624 0.0101876
5 0.659614 0.614858 0.0491716 0.265969 0.0100017
