8 0.813058 0.055617 0.204349 0.0672598 0.902952
3 0.505242 0.475782 0.241953 0.0973092 0.857999
5 0.603434 0.503016 0.0448969 0.201881 0.598257
5 0.408393 0.505738 0.0674548 0.212065 0.293359
5 0.407598 0.496057 0.0542069 0.193887 0.168972
5 0.409033 0.474688 0.0536015 0.145791 0.15311
5 0.563111 0.566916 0.117775 0.332279 0.135148
5 0.570085 0.563658 0.114491 0.322701 0.0513716
5 0.40649 0.50365 0.0546615 0.212608 0.0499234
5 0.59911 0.512136 0.059483 0.217553 0.0436937
5 0.405184 0.475799 0.0491235 0.147835 0.0368104
5 0.405224 0.495596 0.0518431 0.194552 0.0259974
5 0.404705 0.512161 0.0532485 0.231413 0.0159303
