8 0.859736 0.795555 0.208548 0.126791 0.935313
3 0.288311 0.520452 0.253815 0.120017 0.847953
3 0.601563 0.507926 0.184139 0.0762857 0.804269
5 0.383751 0.566269 0.07625 0.149214 0.726911
5 0.186945 0.590312 0.0573012 0.311386 0.625547
5 0.674441 0.545566 0.0451955 0.212046 0.49462
5 0.518698 0.572121 0.0463191 0.240221 0.395776
5 0.522396 0.576173 0.0406282 0.23672 0.365566
5 0.189892 0.591158 0.056277 0.308351 0.260878
5 0.674873 0.527869 0.0427391 0.172463 0.0685177
5 0.673305 0.542168 0.0477132 0.21025 0.0358394
5 0.187453 0.603724 0.0511653 0.188847 0.0336721
5 0.187723 0.617061 0.0522276 0.213169 0.028175
5 0.522614 0.563609 0.0394507 0.206115 0.0189856
5 0.673174 0.630232 0.0568803 0.368436 0.0189491
5 0.671911 0.65497 0.067728 0.416162 0.0128428
5 0.512657 0.620625 0.0653072 0.338239 0.0109553
