8 0.128217 0.247343 0.077148 0.0731888 0.891696
3 0.345873 0.611265 0.272875 0.107813 0.860451
5 0.373402 0.768329 0.0836084 0.276208 0.653387
5 0.240792 0.74788 0.0531677 0.304211 0.100968
5 0.238793 0.659579 0.0404553 0.107159 0.0738347
5 0.379262 0.752111 0.0745199 0.235853 0.0707087
5 0.239758 0.6737 0.0438036 0.141185 0.0389833
5 0.237421 0.791937 0.0347838 0.261298 0.0253595
5 0.239743 0.716469 0.0441289 0.225368 0.0194982
5 0.407698 0.714927 0.147236 0.321227 0.0175134
5 0.236426 0.803634 0.0346252 0.284125 0.0141453
