3 0.391845 0.341413 0.163771 0.117488 0.880162
3 0.57133 0.331071 0.103076 0.0566676 0.831974
8 0.244324 0.487056 0.032829 0.0343986 0.831502
3 0.47591 0.328517 0.134127 0.0927889 0.480407
3 0.495846 0.228328 0.0715543 0.042918 0.2623
7 0.644343 0.353742 0.135051 0.233258 0.0409804
3 0.307296 0.344451 0.0925106 0.0579866 0.0159248
3 0.539647 0.191618 0.0867334 0.0553652 0.0156914
3 0.30877 0.34016 0.0950173 0.0628926 0.0153201
3 0.559081 0.213644 0.0583675 0.0348737 0.0145865
3 0.56957 0.208573 0.0557585 0.0354037 0.0131524
3 0.558622 0.208695 0.0657841 0.0366065 0.0100981
