3 0.231346 0.621462 0.138012 0.0785161 0.872795
8 0.0962529 0.344876 0.0705133 0.0624116 0.868733
3 0.452296 0.603702 0.255072 0.110688 0.868209
3 0.206872 0.482836 0.124239 0.0523558 0.617949
5 0.540343 0.722361 0.0803329 0.258071 0.452933
5 0.531247 0.707415 0.0569866 0.205945 0.269528
5 0.172082 0.65707 0.0253965 0.166244 0.146988
5 0.171136 0.670135 0.0259699 0.181168 0.122108
5 0.170274 0.698722 0.0296587 0.143288 0.0420013
5 0.172088 0.643728 0.0229925 0.134662 0.0223218
5 0.282569 0.637772 0.0329089 0.123535 0.0150581
5 0.281561 0.642591 0.0420555 0.1605 0.0149948
5 0.169251 0.706949 0.0345261 0.164487 0.0123573
5 0.171224 0.63353 0.0204367 0.112594 0.0118952
5 0.280101 0.650391 0.0383032 0.155178 0.0114312
5 0.274008 0.719776 0.0456173 0.269111 0.0106613
