8 0.931513 0.904917 0.095962 0.0644541 0.889738
3 0.560241 0.575077 0.281433 0.119378 0.723926
7 0.776135 0.631948 0.20261 0.399362 0.429422
3 0.54839 0.632858 0.290989 0.294522 0.277974
3 0.588493 0.716279 0.174116 0.121958 0.112473
0 0.509255 0.597258 0.138315 0.0695972 0.050631
7 0.54839 0.632858 0.290989 0.294522 0.0258789
0 0.655871 0.593358 0.139657 0.168071 0.022995
0 0.649457 0.597105 0.132546 0.111111 0.0191944
0 0.657331 0.589825 0.147389 0.157187 0.0173614
0 0.659979 0.587955 0.137938 0.155511 0.0162496
0 0.649819 0.58829 0.13423 0.12902 0.0159818
