3 0.427022 0.474226 0.196634 0.0553565 0.853235
8 0.141346 0.109359 0.0554748 0.0332648 0.79561
3 0.346172 0.536644 0.134217 0.0482782 0.770608
8 0.0248486 0.958182 0.0492409 0.0242362 0.236414
8 0.0245685 0.922779 0.049137 0.0991347 0.235622
5 0.297801 0.547526 0.0422317 0.110368 0.226126
8 0.0251326 0.958368 0.0500835 0.0242947 0.171498
5 0.296443 0.544182 0.0386519 0.0878004 0.14377
8 0.023482 0.918857 0.0469639 0.0993867 0.0772511
5 0.398264 0.540927 0.0888218 0.19605 0.0444003
5 0.29598 0.53878 0.0388604 0.0695979 0.0373039
5 0.415987 0.541793 0.05757 0.176293 0.0303581
5 0.298605 0.558102 0.0489075 0.143766 0.0291164
5 0.507742 0.462468 0.0377671 0.0598695 0.0266789
5 0.511823 0.452886 0.0295831 0.0739355 0.0229494
5 0.4151 0.558396 0.0676572 0.211164 0.0200904
8 0.0236488 0.97345 0.0472977 0.0378745 0.0163794
5 0.296891 0.544696 0.0448712 0.129161 0.0101252
8 0.0256709 0.950703 0.0513418 0.040429 0.0100885
