3 0.512435 0.48215 0.217283 0.0808139 0.869962
3 0.206497 0.339707 0.12883 0.0459121 0.863637
8 0.096171 0.241399 0.0473519 0.033863 0.804409
3 0.268308 0.534624 0.141916 0.0564551 0.801792
5 0.410634 0.504525 0.0562106 0.132803 0.589229
5 0.32923 0.559146 0.057505 0.207762 0.348584
5 0.590241 0.514207 0.0727631 0.152243 0.23249
5 0.203492 0.590343 0.0318942 0.242954 0.207203
5 0.591797 0.500833 0.0663076 0.117686 0.205194
5 0.58663 0.550359 0.0824662 0.225358 0.201071
5 0.197158 0.609225 0.0501681 0.272615 0.181964
5 0.329891 0.556806 0.0613989 0.204861 0.159151
5 0.58709 0.536735 0.0789625 0.197566 0.147118
5 0.409159 0.499455 0.0528593 0.115816 0.144777
5 0.328107 0.563392 0.0614929 0.226311 0.137488
5 0.330852 0.546102 0.0528286 0.175086 0.0778492
5 0.197922 0.62532 0.0441556 0.249773 0.0722395
5 0.205622 0.578912 0.0288791 0.216819 0.0603761
5 0.593877 0.492159 0.0583846 0.0968202 0.0547653
5 0.331105 0.545439 0.0582506 0.178958 0.044811
5 0.206896 0.557158 0.024618 0.162303 0.0302317
5 0.200091 0.605651 0.0375565 0.236749 0.0147016
5 0.407262 0.487062 0.0497148 0.0914921 0.0136126
5 0.201625 0.596381 0.034145 0.245527 0.0111626
