3 0.567851 0.776746 0.252165 0.13401 0.896847
8 0.0717701 0.382388 0.0359288 0.0340922 0.797334
3 0.250211 0.525406 0.117946 0.0790815 0.782318
5 0.453921 0.800043 0.0485278 0.340025 0.760359
8 0.0129766 0.119345 0.0258079 0.0149875 0.45367
5 0.660179 0.858311 0.050439 0.106177 0.371965
5 0.686398 0.794773 0.109462 0.243248 0.115545
5 0.709385 0.734379 0.0617277 0.133351 0.0885438
5 0.660049 0.859731 0.0492182 0.101816 0.0430581
5 0.709617 0.73969 0.0660914 0.144378 0.0314053
5 0.660677 0.854737 0.0444624 0.0935918 0.0303373
8 0.013139 0.0994295 0.0262781 0.057681 0.0300648
8 0.0132326 0.10841 0.0264652 0.0364708 0.0251948
5 0.704341 0.740727 0.0519138 0.122822 0.0188424
5 0.453829 0.803223 0.0486762 0.34806 0.014588
5 0.661176 0.844563 0.041238 0.0808393 0.0141044
5 0.701063 0.73722 0.0402942 0.104001 0.0131413
5 0.659804 0.864201 0.0547538 0.118937 0.012549
8 0.0167218 0.119344 0.0310537 0.0154399 0.0113928
5 0.450517 0.795315 0.0410449 0.220154 0.0113638
