8 0.212405 0.159351 0.139816 0.0850937 0.90507
3 0.475105 0.571584 0.246637 0.092005 0.852634
5 0.362018 0.6595 0.0726294 0.256763 0.435866
5 0.567685 0.568396 0.0566631 0.0947729 0.045763
5 0.568399 0.568906 0.0576915 0.103031 0.0375023
5 0.568331 0.559663 0.0539446 0.0797849 0.0286685
5 0.361353 0.677352 0.0695713 0.213994 0.0208902
6 0.670399 0.534769 0.1809 0.348613 0.0194825
5 0.566812 0.573483 0.059131 0.109949 0.0154287
5 0.36802 0.65024 0.0612644 0.248482 0.0132928
5 0.567248 0.57667 0.0619706 0.121542 0.0109777
