3 0.564582 0.544081 0.249237 0.1064 0.88422
3 0.197975 0.350629 0.0969462 0.0631825 0.871506
3 0.252785 0.521941 0.151475 0.0725365 0.85201
5 0.453456 0.587926 0.0926045 0.272156 0.823221
8 0.044692 0.37789 0.0322008 0.0337338 0.657338
8 0.0396566 0.417615 0.0308419 0.0246683 0.651879
5 0.671337 0.617977 0.030853 0.242311 0.0930445
5 0.672264 0.610571 0.0271225 0.231152 0.0416666
8 0.040528 0.401876 0.0351803 0.055377 0.0343931
5 0.671123 0.618572 0.0286932 0.248138 0.032475
5 0.198738 0.637749 0.0220208 0.239873 0.0138176
5 0.197407 0.62022 0.0215994 0.209965 0.0135384
