8 0.852571 0.067575 0.039255 0.0337307 0.80607
3 0.525791 0.537863 0.161042 0.117279 0.734504
4 0.513346 0.514324 0.0473495 0.501369 0.599116
3 0.512909 0.571218 0.122674 0.069604 0.25882
3 0.549432 0.572224 0.198175 0.0852626 0.195242
4 0.513607 0.512256 0.0513458 0.495717 0.0781379
3 0.549963 0.573641 0.19831 0.0851253 0.0467614
4 0.513398 0.513784 0.0523479 0.499286 0.0326542
4 0.558924 0.505752 0.113544 0.494718 0.028259
4 0.511605 0.512962 0.0505757 0.500803 0.0267892
4 0.557548 0.510187 0.116421 0.498505 0.0220266
4 0.510083 0.49714 0.0490214 0.477448 0.0133332
