3 0.613303 0.537621 0.283418 0.0607905 0.571418
8 0.170895 0.112504 0.0339027 0.0318716 0.375733
8 0.170992 0.112677 0.0338005 0.0323315 0.351001
3 0.303315 0.464582 0.0870863 0.0500469 0.0529911
3 0.610278 0.528687 0.29399 0.0663406 0.0289209
3 0.610654 0.51827 0.303829 0.0739169 0.0264071
7 0.781957 0.503897 0.140673 0.244416 0.0242868
3 0.286556 0.931902 0.136558 0.100748 0.0213126
3 0.302073 0.465384 0.0883385 0.0525111 0.0188727
3 0.311985 0.641049 0.129993 0.0825674 0.0146543
3 0.290049 0.857695 0.137579 0.265156 0.0113922
