3 0.341789 0.483261 0.121852 0.0805146 0.859931
8 0.0314885 0.0875592 0.0369579 0.0344796 0.800481
3 0.620774 0.591843 0.239838 0.112261 0.582889
5 0.716427 0.693508 0.0679125 0.314398 0.563417
3 0.618116 0.581105 0.271148 0.190284 0.0586797
3 0.618028 0.600198 0.263822 0.201675 0.0536984
3 0.622068 0.69044 0.257802 0.309373 0.0268622
3 0.620617 0.614256 0.239837 0.162413 0.0219913
3 0.617981 0.621617 0.258952 0.207187 0.0215112
3 0.623522 0.616166 0.244973 0.172786 0.0202602
3 0.618274 0.645358 0.256814 0.23433 0.0191436
