8 0.0582832 0.317841 0.0999894 0.0714411 0.888774
3 0.461085 0.632638 0.201906 0.0886206 0.863504
5 0.532942 0.710603 0.0406646 0.158815 0.0633999
5 0.374658 0.682004 0.0306866 0.213031 0.0538193
5 0.533934 0.724765 0.0484524 0.18862 0.0459407
5 0.533268 0.69991 0.0340073 0.133541 0.0223489
5 0.534008 0.682827 0.0454513 0.27892 0.0196171
5 0.372635 0.675783 0.0300035 0.201177 0.0132554
5 0.53438 0.687701 0.02898 0.108003 0.0124113
6 0.588699 0.63265 0.160104 0.377197 0.0119754
5 0.374878 0.660589 0.0271782 0.154775 0.0102306
