3 0.578781 0.37043 0.301456 0.065089 0.900354
8 0.824126 0.950205 0.296648 0.0293122 0.840601
8 0.058315 0.146053 0.0431842 0.0336497 0.810834
8 0.037775 0.255549 0.0484169 0.0180841 0.660771
3 0.326555 0.385104 0.176362 0.047359 0.184446
8 0.0356514 0.237598 0.0526217 0.0548758 0.175284
8 0.719705 0.951935 0.0845861 0.0243433 0.0501609
8 0.926902 0.949629 0.0893571 0.027585 0.0470579
8 0.927855 0.949542 0.0879317 0.0273371 0.0377059
8 0.0336447 0.235967 0.0476788 0.053989 0.0173303
7 0.188407 0.459008 0.164849 0.355123 0.0172587
8 0.823376 0.949572 0.300698 0.02975 0.0131866
