8 0.115082 0.493135 0.0786651 0.0585096 0.867406
3 0.515994 0.580473 0.163484 0.0778704 0.809767
5 0.5818 0.599601 0.0401161 0.186461 0.167199
5 0.583277 0.590313 0.0355454 0.155583 0.128029
5 0.445219 0.639595 0.0383116 0.317121 0.0934596
5 0.433735 0.629286 0.0552227 0.297626 0.0697938
5 0.448169 0.634939 0.0561752 0.294142 0.0399115
3 0.487566 0.465323 0.164042 0.0453346 0.0377216
5 0.445652 0.658573 0.0312596 0.225486 0.0360575
5 0.586728 0.59217 0.0429512 0.175041 0.0348497
5 0.445585 0.665973 0.0316569 0.215705 0.0317255
5 0.445334 0.629926 0.0389746 0.300226 0.0290849
