3 0.550077 0.619691 0.220235 0.123887 0.871061
8 0.0535164 0.349242 0.0338182 0.0351069 0.792322
8 0.0621928 0.23635 0.058915 0.0199252 0.462209
8 0.0616654 0.21067 0.0596602 0.0691292 0.176399
8 0.0622322 0.236945 0.058885 0.0190312 0.0470788
5 0.454242 0.637242 0.0296996 0.225954 0.02849
5 0.455017 0.611843 0.0263623 0.173625 0.0259191
5 0.454731 0.624664 0.0283694 0.202839 0.0215157
5 0.454085 0.658986 0.032978 0.264841 0.0160399
5 0.456011 0.660533 0.0349208 0.285893 0.0143767
8 0.0618807 0.21763 0.0604851 0.0571951 0.0111583
5 0.65047 0.633919 0.060281 0.288049 0.0106802
