4 0.704412 0.537275 0.468381 0.540118 0.934354
8 0.0589196 0.773939 0.0575527 0.0817228 0.879949
3 0.594843 0.588206 0.282239 0.139091 0.74098
4 0.708697 0.537334 0.46103 0.53626 0.218245
5 0.488801 0.63034 0.0570364 0.112116 0.19965
5 0.708341 0.633065 0.055379 0.161756 0.163595
3 0.595807 0.603024 0.267546 0.115935 0.0898711
5 0.708517 0.625337 0.04922 0.137974 0.0573047
3 0.599857 0.613397 0.256091 0.09475 0.035157
5 0.709349 0.628692 0.0539727 0.153601 0.0327492
4 0.70206 0.534248 0.466482 0.523287 0.0296317
3 0.597445 0.612398 0.25951 0.0942606 0.0229672
8 0.0590218 0.773889 0.0574151 0.081627 0.0168237
5 0.708957 0.636658 0.0579068 0.176202 0.0140684
3 0.267501 0.51358 0.0873462 0.0675459 0.0115165
