4 0.362989 0.343898 0.349895 0.31122 0.960293
3 0.423968 0.385011 0.286453 0.104938 0.901071
3 0.685092 0.37347 0.156996 0.085863 0.890891
5 0.344744 0.469087 0.063658 0.13853 0.796656
8 0.891807 0.252116 0.104229 0.0716138 0.720966
5 0.54171 0.417475 0.0438816 0.101535 0.543101
5 0.628846 0.427455 0.0344115 0.10364 0.242642
5 0.62783 0.419941 0.032637 0.0886905 0.234807
5 0.629313 0.432933 0.0353727 0.117156 0.144264
8 0.891762 0.252117 0.104465 0.0722248 0.14395
3 0.707239 0.285377 0.0960595 0.0450863 0.0203131
