3 0.662836 0.598544 0.321377 0.116043 0.879485
3 0.309207 0.608623 0.172281 0.0747371 0.867862
5 0.556934 0.739064 0.107333 0.298616 0.840268
8 0.0378193 0.346726 0.0479371 0.0360063 0.759123
8 0.0369071 0.55088 0.0620334 0.0281993 0.731645
5 0.793445 0.642352 0.0498321 0.149859 0.361242
5 0.792543 0.651599 0.054035 0.171757 0.157339
5 0.36977 0.683691 0.0263604 0.16853 0.10345
5 0.369445 0.670162 0.0242032 0.136633 0.0978675
5 0.372654 0.672788 0.0300387 0.150014 0.0235039
5 0.368924 0.700169 0.0275671 0.192713 0.0232724
8 0.0345905 0.512492 0.068154 0.107495 0.0219553
5 0.369694 0.705097 0.0274053 0.208576 0.0209299
8 0.0359274 0.536673 0.066512 0.0585314 0.0207142
8 0.0349751 0.524119 0.0686075 0.0857402 0.0185386
5 0.370701 0.672943 0.0287971 0.146743 0.0149436
