3 0.521355 0.648632 0.196447 0.11075 0.850629
5 0.340832 0.768376 0.058728 0.411831 0.826329
3 0.278674 0.638275 0.157546 0.117407 0.809035
8 0.133386 0.372109 0.0309349 0.033662 0.799319
5 0.597031 0.717711 0.0580708 0.293934 0.797594
5 0.220388 0.686726 0.0363489 0.190446 0.675779
5 0.444605 0.69913 0.0390879 0.240791 0.212553
5 0.437158 0.643854 0.0250292 0.117606 0.0870565
5 0.446027 0.69592 0.0429118 0.232741 0.0622389
5 0.435708 0.632665 0.0209336 0.0940618 0.0420849
5 0.435768 0.627193 0.0187513 0.0868468 0.0348687
5 0.436312 0.636847 0.0228437 0.101949 0.0333344
5 0.216189 0.663438 0.0273818 0.144506 0.0262465
5 0.438359 0.653678 0.0277989 0.139781 0.0225992
5 0.440535 0.679832 0.0327202 0.195291 0.0169887
