3 0.553481 0.747146 0.260328 0.12569 0.879697
3 0.198849 0.848211 0.167659 0.098861 0.871419
8 0.913912 0.352408 0.0376689 0.0339891 0.810349
5 0.267662 0.923755 0.0283858 0.145875 0.359747
5 0.657598 0.800092 0.0490933 0.195768 0.221343
5 0.267418 0.921619 0.0255023 0.140438 0.180917
5 0.65663 0.806692 0.0581088 0.224437 0.14004
5 0.658956 0.792373 0.0469175 0.172338 0.0483251
5 0.450949 0.791567 0.0438718 0.167135 0.0431192
5 0.264253 0.923282 0.0300038 0.144769 0.0336986
5 0.264338 0.857493 0.0400936 0.276759 0.0142152
5 0.453326 0.799644 0.048845 0.18936 0.0105311
