3 0.506939 0.551433 0.28498 0.0899912 0.846537
8 0.104661 0.307922 0.0602586 0.0327135 0.748038
8 0.0313815 0.348842 0.062763 0.0163734 0.527419
5 0.36116 0.699891 0.280265 0.391928 0.160199
8 0.0333623 0.320968 0.0667245 0.0744753 0.113151
5 0.61397 0.56179 0.0614241 0.0913449 0.0697181
8 0.0334658 0.331782 0.0669315 0.0506891 0.0680391
3 0.423067 0.606674 0.174742 0.0686367 0.0616477
8 0.0326172 0.328861 0.0652343 0.056506 0.0290424
5 0.609001 0.569602 0.0729251 0.100609 0.0214654
8 0.03118 0.349502 0.0623599 0.0162508 0.0213043
5 0.618098 0.556238 0.0533936 0.0847732 0.0168731
