3 0.652444 0.70073 0.287004 0.128046 0.878246
8 0.952245 0.517849 0.0468166 0.0350226 0.808693
3 0.24759 0.796441 0.19427 0.10579 0.582769
3 0.247701 0.796144 0.193194 0.10525 0.461612
5 0.76688 0.760347 0.0536644 0.267993 0.325007
5 0.326679 0.898517 0.0399966 0.188869 0.287512
5 0.326855 0.897281 0.0327226 0.181164 0.273239
5 0.768592 0.755032 0.0481402 0.237753 0.148899
8 0.0279688 0.946508 0.0155281 0.0120953 0.145465
5 0.76789 0.764501 0.0489319 0.243231 0.0433541
5 0.76803 0.797364 0.0481533 0.173696 0.04023
5 0.767916 0.7757 0.0477594 0.200884 0.0195183
5 0.770086 0.738523 0.0451424 0.217015 0.0132484
