3 0.59418 0.49583 0.32002 0.102022 0.868859
3 0.395809 0.572499 0.229368 0.0740507 0.792207
8 0.0545188 0.032029 0.0718281 0.0341599 0.78326
5 0.471032 0.582538 0.124426 0.319928 0.463955
5 0.724945 0.501541 0.0545073 0.0974758 0.369841
5 0.722345 0.505503 0.0621901 0.106725 0.0611595
5 0.304402 0.573432 0.0430839 0.102621 0.0576486
5 0.304778 0.581366 0.0448683 0.13036 0.054045
5 0.72662 0.497289 0.0507784 0.0873966 0.0298965
5 0.296968 0.577864 0.0370326 0.098478 0.0276899
5 0.301692 0.584116 0.0330027 0.0898122 0.0218667
5 0.297994 0.586139 0.0405758 0.129034 0.0144356
5 0.485175 0.618435 0.0741089 0.238884 0.0129019
5 0.478189 0.685216 0.0506288 0.225584 0.0124683
