3 0.556235 0.621463 0.238989 0.0864826 0.863256
3 0.278829 0.658099 0.129628 0.0721255 0.845567
8 0.0341674 0.853405 0.0476238 0.0165721 0.69553
5 0.637491 0.682603 0.0865242 0.183916 0.480718
5 0.636716 0.689935 0.0928064 0.204805 0.419634
5 0.452904 0.609221 0.0338782 0.127236 0.247494
5 0.453659 0.627324 0.0371267 0.166556 0.168273
5 0.452908 0.603054 0.0311366 0.113479 0.153989
5 0.315763 0.731159 0.0334661 0.148368 0.0255223
5 0.316413 0.721111 0.0308062 0.12461 0.0243728
8 0.0353279 0.811866 0.0494908 0.0990633 0.0146062
5 0.311974 0.740121 0.031767 0.162611 0.0136834
