3 0.230801 0.367962 0.14241 0.0622111 0.874986
3 0.564726 0.491778 0.274473 0.102633 0.841253
5 0.669135 0.668067 0.072015 0.41116 0.682893
8 0.0322607 0.0877192 0.0345497 0.0317385 0.565163
8 0.0487415 0.121129 0.0646361 0.0204268 0.550024
5 0.666248 0.566645 0.0646249 0.208233 0.117273
8 0.0456486 0.100039 0.0657905 0.06042 0.0970132
5 0.668585 0.550422 0.0653012 0.180443 0.0690547
8 0.0497258 0.101217 0.0658697 0.0586609 0.0527094
5 0.464085 0.554614 0.0439862 0.102896 0.0159093
5 0.669083 0.56637 0.071153 0.223667 0.013351
8 0.0376713 0.0998124 0.0536696 0.0565107 0.0125878
8 0.030854 0.0870845 0.033682 0.0323964 0.0111849
