8 0.893208 0.603486 0.108794 0.0868156 0.919209
3 0.340742 0.609782 0.22417 0.100435 0.876795
5 0.240254 0.639328 0.0214805 0.211615 0.488433
5 0.440984 0.614339 0.0771926 0.184253 0.376995
3 0.649485 0.568382 0.174632 0.0812486 0.144601
3 0.651593 0.573184 0.17008 0.0742666 0.109921
5 0.430852 0.707076 0.0998994 0.368357 0.10357
5 0.238639 0.636495 0.0242497 0.238038 0.0993186
5 0.239802 0.631956 0.0189025 0.189031 0.0915259
5 0.602091 0.751758 0.038158 0.332434 0.0596719
5 0.438461 0.615007 0.0647653 0.168818 0.052949
5 0.435945 0.619918 0.0633617 0.171415 0.0282087
3 0.64405 0.553677 0.190232 0.0968365 0.0192778
3 0.646233 0.559132 0.184408 0.0971625 0.0114665
