3 0.53053 0.52509 0.269846 0.0963464 0.85252
8 0.0241487 0.0859224 0.0305584 0.0344505 0.767459
3 0.283199 0.641103 0.123807 0.0761937 0.739661
8 0.0219552 0.168299 0.0415053 0.0167896 0.641296
8 0.0218294 0.161204 0.0422015 0.0305077 0.0362151
5 0.635438 0.621844 0.0449656 0.214191 0.0294115
5 0.635371 0.606986 0.0416524 0.182121 0.0226605
5 0.633282 0.620648 0.0376798 0.202033 0.0168118
5 0.632431 0.633843 0.0377151 0.214659 0.0160707
5 0.634958 0.636407 0.0424683 0.250835 0.0136829
5 0.634274 0.652831 0.0437402 0.275702 0.0105722
