4 0.314173 0.555548 0.301502 0.323408 0.959847
8 0.947264 0.280196 0.098929 0.0670329 0.876841
3 0.687792 0.507585 0.175702 0.0725163 0.833053
3 0.356886 0.482106 0.325556 0.0859695 0.710638
4 0.724115 0.700483 0.0879641 0.599034 0.530617
4 0.735457 0.698812 0.0905643 0.597527 0.397524
5 0.628297 0.725253 0.102107 0.538948 0.205038
4 0.628297 0.725253 0.102107 0.538948 0.0432618
3 0.345749 0.470933 0.365988 0.102175 0.021244
5 0.458135 0.662391 0.0390226 0.194526 0.0212316
4 0.711465 0.687728 0.0673198 0.571267 0.0208914
5 0.661488 0.779888 0.0357518 0.277521 0.0174562
4 0.715093 0.697729 0.0727465 0.602039 0.0105879
