4 0.49542 0.385019 0.384297 0.285953 0.957921
8 0.912467 0.152455 0.121409 0.0588724 0.8733
4 0.614571 0.722428 0.0657795 0.547065 0.37246
3 0.50513 0.315629 0.208209 0.0581637 0.254307
4 0.633389 0.610851 0.0770519 0.620378 0.0847009
0 0.5051 0.31692 0.208106 0.0601968 0.0592166
4 0.603857 0.805523 0.0679581 0.38613 0.0579163
4 0.602083 0.808112 0.0570773 0.378162 0.057359
4 0.652451 0.601788 0.0978977 0.650769 0.0561625
4 0.607367 0.786216 0.0674073 0.424743 0.050159
4 0.639716 0.578032 0.0816766 0.639221 0.0476905
4 0.6163 0.715048 0.0720347 0.547366 0.0296448
0 0.50241 0.27166 0.37227 0.121183 0.0287118
3 0.5051 0.31692 0.208106 0.0601968 0.0247261
4 0.61215 0.724705 0.0725211 0.547293 0.0148771
4 0.601166 0.856625 0.0618655 0.285514 0.011175
