4 0.576643 0.680961 0.351857 0.316443 0.955694
8 0.976561 0.383081 0.0468772 0.0630319 0.818148
8 0.899523 0.306353 0.0657478 0.034722 0.816964
3 0.623854 0.588982 0.260582 0.0972719 0.755888
7 0.36209 0.721356 0.435798 0.514546 0.162088
4 0.672355 0.879956 0.0608814 0.232774 0.10062
0 0.44795 0.68876 0.172152 0.13068 0.0461729
4 0.695402 0.878952 0.0841455 0.235536 0.0440724
4 0.67293 0.885729 0.060998 0.218883 0.0363853
4 0.668513 0.891585 0.0457465 0.198785 0.0317786
4 0.674871 0.874535 0.0610884 0.250539 0.0181519
