3 0.552103 0.71484 0.157431 0.109634 0.878922
5 0.48581 0.758759 0.054233 0.345372 0.506254
8 0.0340195 0.779147 0.0332399 0.034161 0.503014
8 0.0416801 0.833007 0.0643616 0.0283733 0.356006
8 0.0426559 0.804309 0.0647185 0.0847029 0.318985
5 0.485699 0.758599 0.0538496 0.34396 0.205491
5 0.617162 0.738023 0.047097 0.178217 0.0557892
8 0.042126 0.811462 0.0644801 0.0700809 0.0274284
5 0.623028 0.733287 0.0554763 0.192735 0.021033
5 0.491373 0.712986 0.0379801 0.259067 0.0206606
5 0.618522 0.733545 0.0441282 0.172704 0.014223
8 0.0390099 0.799816 0.0460105 0.065425 0.0140862
5 0.616879 0.746963 0.0647463 0.220792 0.0123268
