3 0.479228 0.597335 0.18615 0.0706306 0.862687
3 0.662851 0.56772 0.284171 0.08931 0.840092
8 0.0889413 0.151642 0.0496996 0.0357133 0.826212
5 0.560738 0.737907 0.172339 0.44452 0.728118
8 0.0302545 0.830056 0.0592729 0.0198171 0.700169
5 0.558246 0.734392 0.173733 0.448825 0.215513
8 0.0319445 0.80176 0.0638891 0.0735483 0.0285833
8 0.0320711 0.806669 0.0641422 0.064417 0.0270148
5 0.404851 0.614667 0.0309547 0.0844609 0.0203997
8 0.0319244 0.816401 0.0638487 0.0476717 0.0153564
5 0.387216 0.701698 0.0670938 0.257936 0.0138971
8 0.0310044 0.826826 0.0620089 0.027428 0.0138438
5 0.717174 0.496007 0.0443001 0.0750264 0.0118614
