3 0.614474 0.542691 0.250228 0.125784 0.877969
3 0.323576 0.543202 0.139971 0.0822358 0.874143
5 0.727388 0.558611 0.0962446 0.230459 0.782025
5 0.531351 0.753698 0.0534752 0.411506 0.764494
8 0.0480761 0.744787 0.0429693 0.035581 0.72039
8 0.0432163 0.845662 0.0670707 0.019597 0.534399
8 0.0435499 0.820362 0.0673904 0.0686285 0.169226
5 0.267193 0.641055 0.0248351 0.193034 0.10025
5 0.535709 0.689563 0.0403826 0.266923 0.0754669
5 0.267924 0.634058 0.0292123 0.196062 0.0526737
5 0.725499 0.558138 0.0846936 0.219176 0.0378178
8 0.0429792 0.837765 0.0682864 0.0351151 0.0368711
5 0.26703 0.6474 0.0230456 0.187456 0.0342849
8 0.0432651 0.823969 0.0685747 0.0614169 0.0324241
