8 0.115206 0.342231 0.104426 0.0957953 0.913762
3 0.589056 0.608461 0.227582 0.146522 0.880942
5 0.500915 0.766506 0.0502217 0.466652 0.773447
5 0.682451 0.6407 0.0584594 0.276698 0.332378
3 0.339841 0.722476 0.123794 0.0899689 0.201864
5 0.678818 0.638018 0.04147 0.205039 0.0357485
5 0.681524 0.643484 0.0597436 0.280703 0.0315936
5 0.388113 0.800592 0.020879 0.268579 0.0287656
5 0.390119 0.803852 0.0195529 0.28566 0.0188456
5 0.676381 0.651365 0.0443032 0.227293 0.0177413
5 0.674725 0.660787 0.0444768 0.222802 0.0116474
