3 0.570594 0.465093 0.259575 0.121646 0.861557
3 0.366629 0.322547 0.0791806 0.060257 0.840371
8 0.079371 0.767591 0.0282168 0.0339527 0.807323
8 0.0696168 0.712958 0.0322905 0.0172187 0.562195
5 0.600344 0.607307 0.167511 0.245443 0.53177
5 0.455144 0.504925 0.0218139 0.117658 0.366582
8 0.0698 0.71263 0.0319605 0.0187085 0.340645
5 0.454431 0.514602 0.0260344 0.140906 0.272682
5 0.631153 0.548506 0.0950246 0.118782 0.119488
3 0.352351 0.452665 0.11111 0.0618549 0.0809964
5 0.455651 0.49728 0.0185729 0.0978985 0.0494772
5 0.629564 0.558651 0.102108 0.143447 0.0351642
5 0.628606 0.559257 0.100568 0.144749 0.0274049
