3 0.612765 0.752535 0.217537 0.117223 0.885831
3 0.393055 0.837616 0.136732 0.0775196 0.841857
8 0.880016 0.941554 0.0364392 0.0392205 0.749481
5 0.348625 0.889897 0.0310754 0.114437 0.66547
5 0.711296 0.814195 0.0558216 0.288377 0.415781
5 0.532702 0.77013 0.0597828 0.169616 0.273568
5 0.444069 0.850361 0.0468396 0.228346 0.190498
5 0.531154 0.764523 0.0534962 0.158563 0.0885471
5 0.712004 0.856579 0.0546314 0.188921 0.0793422
5 0.710787 0.850089 0.0506175 0.180605 0.0362858
5 0.43949 0.798699 0.0323409 0.13426 0.0313973
5 0.440963 0.81564 0.0344335 0.171016 0.0313651
5 0.523142 0.727055 0.0331452 0.0815614 0.029353
5 0.350009 0.905931 0.0357749 0.150049 0.0268644
5 0.554095 0.828031 0.104459 0.299057 0.0241157
5 0.445273 0.832571 0.0419785 0.202562 0.0167627
5 0.437518 0.790649 0.0282126 0.117877 0.0143045
5 0.441818 0.822298 0.0356468 0.177847 0.0133429
5 0.708878 0.835984 0.0456113 0.173063 0.0108396
