8 0.0850037 0.915472 0.0901058 0.0719588 0.890887
3 0.269887 0.6985 0.162104 0.0796107 0.854235
3 0.209763 0.476723 0.145197 0.0552333 0.799764
3 0.572229 0.650283 0.271162 0.125124 0.713586
5 0.682749 0.698594 0.0414328 0.18475 0.580102
5 0.480816 0.694012 0.0885343 0.229233 0.244154
5 0.472042 0.66118 0.0652037 0.158655 0.223695
3 0.57228 0.649797 0.270408 0.123926 0.193661
5 0.474915 0.670626 0.0700284 0.175563 0.179422
5 0.214231 0.742712 0.0298504 0.087535 0.177245
5 0.682517 0.693421 0.0369786 0.172936 0.153073
5 0.215689 0.750402 0.0346284 0.109164 0.145106
5 0.331512 0.709292 0.035606 0.153599 0.0813416
5 0.330246 0.677279 0.0305084 0.0827824 0.0738353
5 0.332003 0.724795 0.0385044 0.188982 0.0405865
5 0.330825 0.686776 0.03103 0.101553 0.0369815
5 0.331369 0.698727 0.032348 0.125737 0.0344018
5 0.682622 0.700109 0.0468711 0.191263 0.0143982
5 0.330364 0.67179 0.0281818 0.0744695 0.0110755
