8 0.953526 0.48474 0.0929475 0.130407 0.910275
3 0.213279 0.406968 0.119583 0.0577182 0.882143
3 0.499115 0.535586 0.262911 0.117409 0.86956
3 0.236302 0.554465 0.153527 0.0789404 0.86256
5 0.302074 0.624791 0.0700341 0.258752 0.798938
5 0.596985 0.626414 0.0777608 0.238695 0.792129
5 0.595995 0.616362 0.0723194 0.205066 0.206808
5 0.304398 0.739097 0.0828642 0.496306 0.104207
5 0.184225 0.62224 0.0234762 0.124261 0.0357146
5 0.301399 0.612334 0.0631697 0.229296 0.0291834
5 0.185406 0.631726 0.0253381 0.146212 0.0250429
5 0.381243 0.529306 0.0245888 0.0605103 0.0123362
