3 0.297769 0.286277 0.0809168 0.0443734 0.871043
3 0.52736 0.393212 0.217668 0.100227 0.84401
8 0.168866 0.928576 0.0422427 0.0345367 0.817157
3 0.313715 0.392703 0.107838 0.0551922 0.816442
5 0.594797 0.453192 0.0889973 0.203857 0.687961
8 0.091647 0.894613 0.0555542 0.0232362 0.617719
5 0.352978 0.432819 0.0366032 0.152232 0.543263
5 0.352355 0.441717 0.040524 0.172804 0.389301
8 0.0912562 0.894525 0.0553426 0.0235948 0.0494544
5 0.595412 0.447422 0.0828541 0.188562 0.0472197
5 0.437997 0.40603 0.0306176 0.0900407 0.0318393
5 0.43664 0.397947 0.0279175 0.0883321 0.0212209
5 0.594361 0.453091 0.0855935 0.194765 0.0196671
5 0.276478 0.404179 0.0271433 0.0783969 0.0166711
8 0.0904641 0.863342 0.0640708 0.0847102 0.0141969
5 0.439948 0.418105 0.0346421 0.107266 0.012425
