8 0.34624 0.914811 0.148271 0.0944631 0.920506
3 0.303569 0.448054 0.14736 0.0721257 0.87861
3 0.255933 0.331189 0.105753 0.0457179 0.865276
3 0.520892 0.404687 0.241364 0.0810174 0.862378
5 0.621221 0.466827 0.0747784 0.181969 0.702911
5 0.368605 0.477458 0.0612657 0.148318 0.375806
5 0.375044 0.488451 0.0821054 0.175665 0.275514
5 0.425746 0.582749 0.185813 0.358137 0.207862
5 0.377008 0.493608 0.0848632 0.184686 0.0495059
5 0.37203 0.481608 0.0688931 0.15662 0.042941
5 0.621344 0.469921 0.0821832 0.193837 0.0158697
5 0.402808 0.515474 0.137241 0.223144 0.0112998
