8 0.0895669 0.713322 0.0683214 0.0987262 0.812028
8 0.15429 0.942649 0.0398664 0.0356177 0.798623
3 0.512066 0.35145 0.167112 0.0730705 0.417683
5 0.418657 0.480481 0.0847233 0.242592 0.396596
3 0.478242 0.390549 0.207803 0.116418 0.186655
8 0.0926337 0.75114 0.0637866 0.0248111 0.136912
5 0.420643 0.479774 0.0811838 0.214786 0.0342893
5 0.423765 0.464601 0.0871167 0.194526 0.0170242
5 0.525187 0.481993 0.0568941 0.149199 0.0168188
3 0.480649 0.389891 0.226327 0.120177 0.0156381
5 0.523809 0.49527 0.0642506 0.179387 0.0145833
3 0.480723 0.38907 0.227378 0.121656 0.0144624
7 0.652622 0.392167 0.219486 0.324276 0.0127187
