8 0.933539 0.334404 0.125955 0.134408 0.929283
3 0.329687 0.473842 0.17692 0.105203 0.723723
3 0.408787 0.478665 0.344424 0.160441 0.511483
5 0.55765 0.430434 0.048211 0.0889278 0.455196
3 0.448665 0.446296 0.259857 0.0848866 0.361389
5 0.423576 0.592114 0.301621 0.393313 0.202051
7 0.677772 0.492127 0.304755 0.466031 0.0680906
5 0.360494 0.632277 0.111787 0.325637 0.0335757
5 0.557128 0.43501 0.0499613 0.0947675 0.0301071
5 0.359948 0.633753 0.111001 0.322227 0.0137361
3 0.423576 0.592114 0.301621 0.393313 0.012904
5 0.25794 0.503857 0.0244828 0.0960627 0.0108686
