8 0.775685 0.883453 0.0845959 0.102326 0.905617
3 0.552654 0.445509 0.188396 0.0719469 0.862882
3 0.443391 0.46587 0.135881 0.0602122 0.850008
5 0.357698 0.620365 0.0709907 0.307318 0.269579
5 0.383498 0.533474 0.0263891 0.137608 0.0938006
5 0.383128 0.547863 0.029939 0.170576 0.0865456
5 0.384341 0.520064 0.0231743 0.106285 0.0385248
5 0.382057 0.574474 0.0332077 0.224128 0.0285295
5 0.620892 0.461023 0.0612725 0.0874127 0.024506
7 0.654215 0.565434 0.392974 0.507389 0.0177799
6 0.600731 0.532519 0.347354 0.451341 0.0173286
7 0.703558 0.508357 0.302628 0.403073 0.0107015
