4 0.625448 0.408133 0.475498 0.510383 0.95203
3 0.513418 0.446871 0.296356 0.162106 0.882562
3 0.215074 0.294788 0.127751 0.0676385 0.86932
8 0.905744 0.0646633 0.0419419 0.0361578 0.778381
3 0.258353 0.451651 0.1362 0.0582896 0.691735
5 0.31789 0.555175 0.04717 0.281428 0.289927
5 0.616429 0.518622 0.127871 0.301903 0.26593
5 0.603887 0.56578 0.111433 0.357189 0.152886
5 0.338384 0.787544 0.0307626 0.292595 0.141845
5 0.615003 0.531499 0.124818 0.324328 0.0891649
5 0.318636 0.542806 0.0425555 0.269835 0.0853617
5 0.386128 0.392894 0.0265488 0.0670318 0.0805106
5 0.317021 0.670536 0.0572648 0.508637 0.0425309
5 0.598508 0.576203 0.112253 0.300043 0.0371396
5 0.599717 0.586037 0.10441 0.328442 0.0183482
5 0.594339 0.576611 0.0643518 0.190592 0.0155505
5 0.388348 0.394217 0.030923 0.070403 0.0136304
3 0.259465 0.470429 0.133846 0.092783 0.0120843
5 0.33768 0.800464 0.0315527 0.295383 0.012027
5 0.325755 0.67176 0.0509406 0.464452 0.0111265
5 0.595509 0.601311 0.103557 0.280392 0.0109637
