4 0.64294 0.364378 0.449082 0.374352 0.965443
3 0.321524 0.265493 0.104941 0.0497176 0.844693
3 0.339319 0.380339 0.119319 0.0596636 0.777449
8 0.1991 0.49253 0.0427058 0.0355941 0.765086
3 0.554853 0.393796 0.266063 0.130364 0.744965
5 0.618498 0.462142 0.121788 0.238635 0.354413
5 0.383403 0.44377 0.0312812 0.206579 0.229191
5 0.383299 0.462555 0.0351253 0.247797 0.22036
5 0.380835 0.460314 0.0337692 0.240224 0.216828
5 0.38118 0.441415 0.0309994 0.200003 0.0833668
5 0.441894 0.401416 0.029586 0.124432 0.0407014
5 0.442787 0.410924 0.0329872 0.144934 0.0405061
5 0.44124 0.393126 0.027815 0.109666 0.0131533
