3 0.432279 0.703453 0.158573 0.0826931 0.8906
8 0.459537 0.911805 0.033184 0.0346286 0.816516
5 0.331826 0.736108 0.153859 0.303275 0.715169
3 0.311411 0.469138 0.0672268 0.040818 0.692388
5 0.480727 0.743923 0.0957264 0.130213 0.469741
5 0.351003 0.714149 0.112386 0.255059 0.403967
5 0.475361 0.742441 0.140237 0.185325 0.341863
5 0.485311 0.729099 0.0790315 0.0998183 0.142442
5 0.471752 0.754368 0.107249 0.146393 0.123374
3 0.292198 0.571827 0.0988646 0.0517355 0.0280563
5 0.361086 0.688977 0.0767274 0.18006 0.023893
5 0.333413 0.736055 0.151158 0.303214 0.0222493
3 0.273585 0.590903 0.0845303 0.0535095 0.0216772
5 0.365643 0.679256 0.0736224 0.177651 0.0141665
5 0.492827 0.71898 0.0811666 0.104629 0.0109878
