3 0.233885 0.539345 0.12659 0.0791036 0.884435
3 0.614164 0.656215 0.356498 0.167419 0.87747
5 0.753369 0.776129 0.0862098 0.350725 0.849549
8 0.109387 0.935393 0.125825 0.127784 0.846638
8 0.0608817 0.483276 0.0377275 0.0374379 0.776775
5 0.525228 0.815178 0.157227 0.314244 0.0714717
3 0.300579 0.695193 0.165952 0.0725788 0.0308953
5 0.498756 0.749012 0.100416 0.192817 0.0195798
3 0.233698 0.539353 0.124919 0.0787342 0.018305
5 0.487256 0.728534 0.0755861 0.134872 0.0153258
3 0.29954 0.692916 0.166997 0.071966 0.0135636
5 0.480508 0.718375 0.0604064 0.110026 0.0134847
5 0.478686 0.711063 0.0558368 0.10133 0.011342
