3 0.523266 0.592949 0.246919 0.0820366 0.847341
8 0.11582 0.0846794 0.0575889 0.0343502 0.817247
5 0.437329 0.693669 0.0943826 0.313131 0.41138
5 0.633496 0.658969 0.0527637 0.157232 0.33723
8 0.0102755 0.326589 0.0205511 0.0137415 0.123648
5 0.632928 0.651182 0.046483 0.140947 0.0762952
8 0.0103168 0.324955 0.0206336 0.0162133 0.0514229
5 0.444149 0.687173 0.080863 0.27991 0.0226408
5 0.441447 0.669012 0.0794146 0.245106 0.0151791
8 0.00986052 0.308355 0.019721 0.0512613 0.0135187
3 0.402851 0.570378 0.162163 0.0452103 0.0108094
