3 0.638896 0.631902 0.249378 0.12787 0.887263
8 0.0585769 0.910681 0.0413222 0.0361662 0.725969
3 0.319431 0.618472 0.15132 0.0648089 0.632492
8 0.0648995 0.38874 0.0432132 0.0192864 0.623772
5 0.536859 0.675678 0.108999 0.208433 0.52602
5 0.533834 0.66941 0.097043 0.190659 0.162561
5 0.743148 0.691931 0.0392731 0.278224 0.0952151
5 0.738414 0.744436 0.0253116 0.191901 0.091039
5 0.738231 0.735212 0.0234886 0.181311 0.0602251
5 0.553372 0.74687 0.140916 0.350375 0.0385829
5 0.535557 0.673224 0.1024 0.197001 0.0235949
5 0.738269 0.727526 0.0220688 0.17816 0.0191669
8 0.0585361 0.910958 0.0410973 0.0362063 0.0187516
5 0.745376 0.686594 0.0341593 0.264092 0.0152332
5 0.550211 0.733187 0.137725 0.326635 0.0140565
5 0.53778 0.681035 0.110942 0.216572 0.0114168
8 0.0652983 0.374752 0.0492369 0.0496243 0.0105689
