8 0.0880156 0.367764 0.164357 0.123123 0.917514
3 0.447441 0.591742 0.220811 0.132142 0.84737
3 0.618905 0.696404 0.170698 0.111098 0.773845
5 0.374626 0.614487 0.114012 0.258112 0.754302
5 0.560987 0.70352 0.194741 0.537408 0.540805
5 0.698237 0.691849 0.0485572 0.478706 0.123133
5 0.702477 0.578071 0.0401047 0.251232 0.0511736
5 0.563971 0.639065 0.203223 0.398833 0.0289803
5 0.702577 0.573133 0.0434929 0.262811 0.0222783
5 0.708551 0.577337 0.0507156 0.27163 0.020901
5 0.703547 0.563199 0.0390497 0.220029 0.013565
5 0.698021 0.683907 0.0454739 0.462673 0.0133119
5 0.365825 0.609271 0.0878252 0.1808 0.0125221
