8 0.182336 0.893807 0.13868 0.100331 0.917451
3 0.474013 0.633173 0.232132 0.112212 0.861086
3 0.799728 0.534337 0.17689 0.0696879 0.513122
5 0.564391 0.675887 0.0748472 0.307316 0.466452
5 0.370849 0.636432 0.039885 0.182948 0.256187
5 0.564726 0.648209 0.0547332 0.209856 0.180955
5 0.37153 0.646594 0.0415917 0.200494 0.1718
5 0.369152 0.633189 0.0368426 0.154178 0.0482973
5 0.376771 0.697633 0.0507627 0.324808 0.0283985
5 0.371437 0.648779 0.0447078 0.243159 0.0262128
5 0.369552 0.641043 0.0395406 0.180129 0.0168425
5 0.566157 0.639175 0.0531463 0.200082 0.0124634
