3 0.423708 0.579793 0.413134 0.175528 0.683386
8 0.0370816 0.91534 0.0739922 0.0275772 0.557533
8 0.0319203 0.886557 0.045593 0.0348867 0.481045
3 0.445382 0.612909 0.365259 0.118093 0.45919
8 0.0374908 0.89862 0.070762 0.058112 0.218516
5 0.59341 0.711862 0.036144 0.212575 0.189646
5 0.591384 0.712008 0.037059 0.207516 0.0740704
3 0.43159 0.579089 0.409291 0.164249 0.0721815
5 0.345857 0.732918 0.130199 0.265694 0.0679048
8 0.0338403 0.904208 0.0643866 0.0467904 0.0619229
8 0.031823 0.885661 0.0403749 0.0330491 0.0156858
5 0.590701 0.712441 0.0498872 0.231222 0.0136626
3 0.433642 0.585225 0.40273 0.159094 0.0113761
