8 0.910722 0.629659 0.0985203 0.0721032 0.904652
3 0.414877 0.589263 0.246821 0.120927 0.88647
3 0.671454 0.436228 0.102752 0.0679692 0.723994
5 0.52227 0.665395 0.0511638 0.296293 0.489254
5 0.33251 0.667285 0.0515348 0.119647 0.303492
5 0.333948 0.67756 0.0556947 0.144597 0.289844
5 0.331373 0.661773 0.0486242 0.105801 0.0990358
5 0.524857 0.616518 0.0451052 0.20094 0.04965
5 0.512084 0.70593 0.0285399 0.220121 0.0486729
5 0.331936 0.660626 0.0476633 0.103538 0.0209911
5 0.523578 0.631529 0.047075 0.230382 0.014766
5 0.336239 0.689138 0.0597383 0.164004 0.0102337
