3 0.57424 0.592534 0.204556 0.0940709 0.862667
8 0.957877 0.808778 0.0617777 0.0827347 0.832982
8 0.949248 0.888281 0.0532217 0.0360899 0.824649
5 0.654111 0.646841 0.0545227 0.264524 0.569976
5 0.52572 0.720371 0.10378 0.365896 0.308925
5 0.65619 0.641456 0.0506792 0.253758 0.18636
5 0.503534 0.64285 0.0608111 0.208948 0.0629782
5 0.521194 0.688291 0.100753 0.307341 0.0283874
5 0.500611 0.632959 0.0562552 0.181721 0.0222183
5 0.513375 0.691792 0.0622749 0.154701 0.0204807
5 0.502866 0.629445 0.0572004 0.175465 0.012791
5 0.528133 0.72861 0.104638 0.363881 0.0112352
5 0.490584 0.574947 0.0386897 0.0757487 0.0101187
