8 0.799277 0.904196 0.11746 0.087523 0.915583
3 0.363302 0.655803 0.261726 0.115816 0.867648
5 0.253153 0.761981 0.106903 0.380024 0.791478
3 0.647589 0.619607 0.157097 0.0758756 0.710649
5 0.472572 0.6462 0.05264 0.0738653 0.24273
5 0.472518 0.648428 0.055457 0.0813545 0.119505
5 0.43377 0.74428 0.138854 0.267366 0.082255
5 0.473111 0.643739 0.0466331 0.0742396 0.0290741
5 0.471325 0.646318 0.0547281 0.0777288 0.0153154
3 0.649894 0.594011 0.187727 0.121177 0.0117927
5 0.455492 0.708494 0.0862373 0.184053 0.0113038
