8 0.932415 0.395935 0.0955511 0.0955008 0.908851
3 0.487817 0.52515 0.232765 0.0964864 0.861029
5 0.589805 0.525776 0.0376229 0.108379 0.495426
3 0.761164 0.384674 0.0890943 0.0505277 0.473941
5 0.590086 0.521105 0.0334419 0.0968583 0.221752
5 0.423318 0.70245 0.086942 0.351353 0.161915
5 0.411636 0.592624 0.0694653 0.141313 0.126453
5 0.410261 0.585096 0.0653206 0.116167 0.0800883
5 0.413565 0.612892 0.0732085 0.181755 0.0750017
5 0.415363 0.634889 0.0743336 0.212989 0.0374884
5 0.417963 0.646809 0.0712487 0.225847 0.0149262
3 0.749161 0.569466 0.114687 0.0580498 0.0124511
