8 0.934023 0.942424 0.131954 0.114492 0.904099
3 0.471192 0.498243 0.361717 0.0772732 0.874083
5 0.309212 0.487544 0.0871815 0.0751934 0.278489
5 0.304733 0.486304 0.0863098 0.0776147 0.174397
5 0.300663 0.484174 0.0745626 0.0728572 0.15483
5 0.610702 0.567375 0.0703554 0.234398 0.130433
5 0.612257 0.565983 0.073062 0.2192 0.123348
5 0.612846 0.600967 0.0789425 0.283862 0.093187
5 0.613013 0.551575 0.0700143 0.18958 0.0560862
5 0.611434 0.573321 0.0785323 0.230258 0.044508
5 0.305503 0.485624 0.0752443 0.0719605 0.0439948
5 0.613745 0.529709 0.0644074 0.14394 0.0128111
