3 0.279419 0.549078 0.132066 0.0770081 0.848132
8 0.0637176 0.12831 0.0379961 0.0369114 0.786002
5 0.43455 0.677657 0.0514088 0.274214 0.751959
5 0.562624 0.781891 0.0724132 0.398515 0.684616
5 0.323435 0.699936 0.0418139 0.409754 0.62341
3 0.515431 0.650951 0.175881 0.095735 0.604577
8 0.0379749 0.902448 0.0394136 0.016678 0.359689
3 0.514605 0.646015 0.18027 0.119609 0.093352
8 0.0378886 0.900425 0.0417604 0.0208527 0.0833455
8 0.0380691 0.902366 0.0396479 0.0167741 0.0832402
5 0.325626 0.612945 0.0369585 0.244134 0.0487693
5 0.328811 0.715133 0.043796 0.403948 0.0274936
8 0.0377534 0.900541 0.0419354 0.0202481 0.0175231
5 0.434112 0.674061 0.0497994 0.268413 0.0148955
