3 0.609854 0.660676 0.172767 0.0954601 0.861406
3 0.342936 0.584021 0.146098 0.0751346 0.859275
8 0.10571 0.505129 0.0297801 0.034175 0.786252
5 0.55802 0.711494 0.101609 0.248859 0.776745
5 0.457319 0.728025 0.131169 0.407656 0.712033
8 0.0337775 0.314805 0.0260496 0.0138798 0.504972
5 0.409503 0.594151 0.0332373 0.151474 0.404174
5 0.330399 0.694701 0.107728 0.259773 0.191362
5 0.695112 0.787895 0.0876071 0.320571 0.0937478
5 0.680746 0.675771 0.0730379 0.363987 0.0860327
8 0.0335172 0.312228 0.0290789 0.0192158 0.0714446
5 0.683625 0.694865 0.077967 0.365783 0.0225132
5 0.685793 0.760219 0.0513168 0.204039 0.0185126
5 0.674256 0.663698 0.0462736 0.218903 0.0176877
5 0.559473 0.712709 0.105 0.252519 0.0164595
8 0.0323942 0.302618 0.0319421 0.0392833 0.0163372
5 0.33209 0.699616 0.107763 0.261626 0.0136689
8 0.0309227 0.292785 0.0334434 0.0571609 0.011983
8 0.0310404 0.288179 0.0301637 0.0652927 0.0102573
