3 0.346414 0.614759 0.329108 0.110994 0.868818
5 0.484144 0.66942 0.182225 0.219326 0.843396
8 0.866475 0.103676 0.0513833 0.0361773 0.799653
5 0.472836 0.741739 0.202333 0.367284 0.144477
5 0.203897 0.700917 0.0533509 0.266382 0.0994826
5 0.203352 0.639223 0.0475254 0.136904 0.0894189
5 0.205991 0.663809 0.0515273 0.191252 0.0362787
5 0.206716 0.680713 0.0521219 0.224776 0.0249176
5 0.20611 0.638587 0.0465825 0.133309 0.0237065
5 0.203531 0.661464 0.0503904 0.186359 0.0184924
5 0.202684 0.63019 0.0433941 0.115063 0.0118322
