8 0.0535319 0.290844 0.0914116 0.0929026 0.889247
3 0.429386 0.44092 0.275498 0.11846 0.878999
5 0.312331 0.497981 0.0683193 0.312477 0.420266
5 0.31178 0.502186 0.0665612 0.313662 0.223022
5 0.505835 0.565877 0.163502 0.282391 0.212807
5 0.508507 0.503478 0.0882711 0.150917 0.122101
5 0.297065 0.55809 0.0333816 0.210073 0.0697663
5 0.296785 0.542055 0.0316868 0.172768 0.0661785
5 0.522857 0.508946 0.124344 0.178642 0.0347874
5 0.299751 0.501023 0.0405035 0.178796 0.0209133
5 0.493572 0.515906 0.0754226 0.153781 0.0114543
5 0.308208 0.504746 0.0571376 0.25336 0.0105664
