3 0.412672 0.337269 0.2418 0.0874844 0.915801
8 0.533565 0.971351 0.0488593 0.0458346 0.831157
8 0.0966007 0.148023 0.0344617 0.0331808 0.828605
6 0.574703 0.424279 0.140941 0.332365 0.577341
3 0.307645 0.339147 0.125065 0.0637472 0.422922
3 0.47854 0.316748 0.111422 0.0457777 0.255653
3 0.308848 0.34059 0.126847 0.0654714 0.110371
3 0.356771 0.297926 0.122767 0.0475756 0.104633
7 0.651063 0.441391 0.289924 0.395309 0.0773011
7 0.654582 0.455897 0.294766 0.412723 0.0438846
7 0.666543 0.476424 0.285881 0.44129 0.0367234
3 0.479638 0.314297 0.108339 0.0424202 0.0166708
7 0.672891 0.484847 0.280522 0.448137 0.0145147
3 0.473833 0.319354 0.120903 0.050774 0.0136165
7 0.682631 0.487325 0.284008 0.453933 0.0112172
