8 0.954908 0.0794741 0.0901845 0.0721982 0.889158
4 0.538408 0.400842 0.0808893 0.29763 0.759403
3 0.601327 0.457252 0.282498 0.0960217 0.341776
3 0.590789 0.403305 0.348593 0.107313 0.12257
3 0.601111 0.450498 0.296824 0.104924 0.122047
3 0.599954 0.47724 0.261897 0.0840926 0.0523506
3 0.590721 0.410201 0.346649 0.117397 0.0292023
3 0.593382 0.428848 0.335599 0.14106 0.0154261
3 0.526289 0.502525 0.114044 0.106285 0.013603
4 0.539793 0.401337 0.0749597 0.297181 0.0111243
4 0.536951 0.408688 0.0818523 0.298096 0.0105199
