8 0.0459987 0.855537 0.0863313 0.0943713 0.896227
3 0.646036 0.714919 0.233684 0.103819 0.835558
5 0.740237 0.762408 0.0824376 0.4239 0.817975
5 0.441815 0.785381 0.0726132 0.372918 0.804954
5 0.541874 0.690364 0.0670692 0.1939 0.724247
5 0.285913 0.792102 0.0400758 0.370083 0.21864
5 0.287308 0.790045 0.0396198 0.373987 0.189853
3 0.367521 0.763651 0.172542 0.0716037 0.110926
3 0.363484 0.75409 0.163381 0.0610606 0.0436712
3 0.369187 0.772505 0.177542 0.0793765 0.033414
5 0.550117 0.758672 0.0842788 0.329439 0.0235166
3 0.36668 0.760832 0.168707 0.0639045 0.0153425
3 0.366219 0.756003 0.170646 0.0680793 0.0100817
