8 0.0810949 0.274227 0.105527 0.0929172 0.900453
3 0.639616 0.608484 0.313848 0.118766 0.867438
5 0.574482 0.525866 0.0584697 0.13715 0.82277
3 0.326933 0.651778 0.179997 0.080778 0.802311
5 0.409406 0.668149 0.0640796 0.377239 0.750667
5 0.733267 0.680226 0.130659 0.308242 0.616158
5 0.255693 0.646532 0.0545938 0.371733 0.505219
5 0.535516 0.627439 0.122156 0.322052 0.299815
5 0.692379 0.718886 0.0500941 0.210895 0.223759
5 0.2496 0.647123 0.0601849 0.37395 0.210105
5 0.733425 0.676899 0.131796 0.304036 0.152934
5 0.510549 0.620557 0.0753545 0.120661 0.0980071
5 0.261114 0.569932 0.0381266 0.210954 0.0957342
5 0.511603 0.671686 0.0696224 0.234864 0.0711889
5 0.509557 0.62999 0.0719747 0.145581 0.0647233
5 0.69105 0.724405 0.048557 0.213428 0.0425453
5 0.779358 0.599029 0.0380647 0.142968 0.0381183
5 0.409853 0.67127 0.0654283 0.376153 0.0222655
5 0.733205 0.642545 0.121171 0.204827 0.0209151
5 0.693387 0.700393 0.0465625 0.173352 0.0136037
5 0.728544 0.7091 0.119841 0.201476 0.0134151
5 0.251683 0.678598 0.0437361 0.267722 0.0105654
