8 0.0906693 0.0778925 0.147099 0.0822814 0.897515
3 0.675727 0.543138 0.348285 0.10087 0.857316
5 0.53592 0.67595 0.239838 0.394235 0.849596
3 0.381984 0.600594 0.189705 0.065431 0.834995
5 0.289991 0.653452 0.0551044 0.339478 0.463773
5 0.457441 0.635722 0.0364571 0.133114 0.0405268
5 0.457724 0.648783 0.0376606 0.150544 0.0355227
5 0.289863 0.625242 0.0531655 0.280843 0.035094
5 0.294686 0.698174 0.0404336 0.23738 0.0186029
5 0.294344 0.646877 0.0504434 0.296799 0.0174761
5 0.456085 0.620025 0.0364407 0.112016 0.0169275
5 0.457432 0.653369 0.038713 0.177201 0.0159946
5 0.288246 0.652452 0.057815 0.339356 0.0140405
5 0.457172 0.663834 0.0415373 0.210284 0.0130916
5 0.295612 0.684899 0.0427951 0.268021 0.0118041
