3 0.465199 0.53952 0.332639 0.145313 0.874788
5 0.368813 0.670893 0.137783 0.346249 0.872787
3 0.795725 0.526835 0.159437 0.0820566 0.747804
8 0.136526 0.615952 0.0429255 0.0326478 0.666224
5 0.589805 0.632049 0.0697337 0.197711 0.427072
5 0.586855 0.720692 0.0764296 0.380768 0.41189
5 0.739653 0.556603 0.0311201 0.0895841 0.211668
5 0.740623 0.566703 0.0345168 0.112 0.114829
5 0.740875 0.698264 0.043607 0.363979 0.0881459
8 0.136887 0.615911 0.0432042 0.0329512 0.0790534
5 0.741176 0.578715 0.0351057 0.139618 0.02126
5 0.741083 0.596907 0.033515 0.175162 0.0145519
5 0.73817 0.547953 0.027715 0.0746746 0.013655
