8 0.10651 0.170233 0.0829979 0.0669981 0.868507
3 0.412882 0.479646 0.210667 0.076352 0.835694
6 0.541293 0.594982 0.259911 0.426102 0.632507
6 0.537886 0.596641 0.254281 0.420878 0.623755
3 0.390795 0.464595 0.173795 0.0556202 0.0349204
3 0.375446 0.492964 0.130141 0.0536196 0.020354
7 0.619134 0.604293 0.378687 0.470711 0.0129498
3 0.381493 0.480778 0.15329 0.0655436 0.0119784
7 0.619975 0.595074 0.379572 0.460914 0.0110603
3 0.358914 0.50185 0.0909267 0.0526151 0.0107412
7 0.302883 0.359338 0.170235 0.178043 0.0101675
