8 0.062282 0.261475 0.0952402 0.105325 0.881801
8 0.311376 0.199071 0.0452716 0.0339267 0.812003
3 0.49787 0.576366 0.322265 0.142643 0.790798
5 0.409295 0.696435 0.11789 0.296599 0.670901
5 0.607573 0.722962 0.0547245 0.265713 0.475033
5 0.608845 0.71149 0.0447478 0.222067 0.0700311
5 0.609877 0.704502 0.0458936 0.208419 0.0604985
5 0.608133 0.719714 0.0435711 0.230981 0.0261504
5 0.428219 0.720845 0.0696004 0.230404 0.0221007
5 0.60796 0.738078 0.0437896 0.248207 0.011358
5 0.434209 0.733198 0.0558554 0.208564 0.0107291
5 0.436461 0.739999 0.0510822 0.213323 0.0102317
