8 0.919729 0.336472 0.0863228 0.0822426 0.913061
5 0.435236 0.663214 0.0729557 0.314238 0.866422
3 0.503176 0.576421 0.20027 0.104115 0.836892
3 0.746604 0.553118 0.135758 0.0979843 0.823209
5 0.567936 0.538331 0.0558526 0.100298 0.719202
5 0.688904 0.602602 0.0724392 0.271864 0.535582
5 0.78789 0.595968 0.0508879 0.176769 0.452638
5 0.687512 0.608458 0.0759045 0.283656 0.122244
5 0.788676 0.601556 0.052605 0.198329 0.0754746
5 0.691405 0.575281 0.0657308 0.203062 0.0658229
5 0.789598 0.591215 0.0479202 0.168483 0.0631986
5 0.783788 0.62877 0.0551728 0.135417 0.0152417
5 0.567787 0.530091 0.0412257 0.0915255 0.0147539
