8 0.813578 0.883214 0.0554417 0.0353075 0.803722
3 0.470901 0.596238 0.36001 0.151078 0.738162
5 0.351141 0.690052 0.0964645 0.242414 0.645805
3 0.472504 0.610084 0.346764 0.121779 0.289679
5 0.584354 0.730311 0.0886956 0.237107 0.221447
5 0.354412 0.668162 0.0822887 0.18725 0.159793
5 0.585067 0.684122 0.0760665 0.132359 0.0677199
5 0.580913 0.717776 0.0741737 0.19472 0.0614416
5 0.587427 0.669857 0.0753997 0.117075 0.0464825
5 0.578652 0.736125 0.0727185 0.229566 0.0378573
5 0.583135 0.700277 0.0758443 0.161119 0.0237724
