3 0.563098 0.640438 0.247902 0.113071 0.880973
8 0.121 0.934654 0.0381206 0.0359025 0.804356
3 0.248262 0.62102 0.147051 0.071669 0.79424
5 0.312337 0.747794 0.0527365 0.295154 0.663501
8 0.0123089 0.816078 0.0237181 0.0346747 0.662966
5 0.495283 0.765984 0.122026 0.406305 0.333465
5 0.672203 0.702317 0.0491784 0.373064 0.29255
5 0.307413 0.749442 0.0425815 0.281967 0.161129
5 0.666617 0.763596 0.0331466 0.240767 0.0897823
5 0.471658 0.677867 0.0639783 0.210136 0.0746222
5 0.471833 0.671742 0.0773809 0.222815 0.0325085
5 0.667303 0.686522 0.0339119 0.29527 0.0322262
5 0.305897 0.725574 0.0377002 0.253814 0.0304562
5 0.468755 0.665466 0.0591707 0.184879 0.0226186
5 0.670699 0.78047 0.0526601 0.405095 0.0127019
