8 0.944305 0.830351 0.107641 0.202137 0.91261
3 0.447198 0.640465 0.257596 0.133734 0.858824
3 0.779777 0.681315 0.166924 0.0952493 0.854903
8 0.926954 0.397676 0.0456029 0.0360065 0.829133
5 0.71398 0.74331 0.091539 0.404054 0.743849
5 0.530353 0.780125 0.097647 0.353109 0.725935
5 0.838155 0.781139 0.0600006 0.34631 0.713304
5 0.33406 0.65495 0.0766766 0.307183 0.569389
5 0.530118 0.780188 0.0979418 0.347573 0.268557
5 0.714157 0.688199 0.0831389 0.170439 0.015647
5 0.842814 0.741449 0.0509694 0.247701 0.0155331
5 0.713817 0.682782 0.0861028 0.284518 0.0118299
