8 0.0839749 0.831641 0.0842145 0.156611 0.905981
3 0.446397 0.661976 0.220162 0.0998583 0.853416
3 0.724019 0.698753 0.163116 0.082514 0.83778
8 0.261915 0.953445 0.049084 0.0351881 0.820217
5 0.666424 0.766508 0.0744534 0.354003 0.774464
5 0.782712 0.796315 0.0479302 0.316325 0.715906
5 0.509801 0.817927 0.0719752 0.310339 0.574146
5 0.355843 0.666833 0.0639678 0.223347 0.278855
5 0.509299 0.822987 0.0721356 0.319724 0.0850993
5 0.517352 0.723111 0.0583752 0.113903 0.0470419
5 0.78213 0.753912 0.0469843 0.225886 0.0408022
5 0.516094 0.731619 0.0633731 0.133144 0.0376538
5 0.780185 0.77211 0.0452957 0.251115 0.0179855
5 0.352668 0.673978 0.0412658 0.197615 0.0173431
5 0.513884 0.772382 0.0679231 0.214723 0.0108373
