3 0.629838 0.690675 0.29087 0.109256 0.879417
3 0.208995 0.587506 0.127718 0.0697246 0.876532
3 0.280426 0.756171 0.146795 0.0904886 0.857006
8 0.0541686 0.983556 0.0755612 0.0319915 0.800573
8 0.802567 0.819155 0.0412799 0.0345936 0.758543
5 0.737506 0.760495 0.0362848 0.127079 0.401554
5 0.737954 0.770684 0.0412768 0.151358 0.380137
5 0.512756 0.7078 0.0528958 0.0704906 0.0366798
8 0.0532802 0.935814 0.0772454 0.127461 0.026395
5 0.510306 0.704928 0.0468469 0.0678892 0.0259602
5 0.733558 0.835961 0.0358074 0.296438 0.0151371
8 0.0530299 0.944001 0.0829476 0.106833 0.0141111
5 0.735769 0.829836 0.0412233 0.268994 0.0132272
8 0.0536219 0.964973 0.0812473 0.0700546 0.01028
