8 0.0571766 0.795998 0.0448942 0.0346939 0.794716
3 0.47716 0.517157 0.209241 0.104294 0.769
3 0.252566 0.526082 0.154105 0.0701881 0.707069
5 0.313445 0.556056 0.043348 0.213422 0.671068
5 0.56624 0.562014 0.0908444 0.202628 0.656738
5 0.191461 0.558326 0.0372936 0.238796 0.57425
5 0.314159 0.604683 0.0397043 0.31148 0.381842
5 0.390056 0.52472 0.0399191 0.105346 0.335343
5 0.569113 0.567893 0.104122 0.224187 0.264085
5 0.391183 0.530649 0.0428376 0.123406 0.0512801
5 0.393964 0.55186 0.0480705 0.17449 0.0333511
5 0.39286 0.540871 0.0452789 0.148907 0.0249055
5 0.188486 0.610815 0.0495399 0.340797 0.024269
5 0.313612 0.642327 0.0384558 0.265425 0.0196034
3 0.482329 0.528405 0.217071 0.122491 0.0189717
3 0.253569 0.554174 0.177535 0.221388 0.0114907
3 0.256253 0.544313 0.17476 0.200325 0.0111228
5 0.192753 0.560295 0.0392977 0.239459 0.010809
