3 0.630255 0.569697 0.262691 0.109192 0.889219
3 0.293653 0.618573 0.165708 0.105641 0.864319
8 0.0208071 0.888587 0.0329619 0.035599 0.717271
8 0.0437308 0.934859 0.0621615 0.021499 0.635067
5 0.368435 0.67993 0.0393517 0.284838 0.1357
5 0.365133 0.675636 0.0289205 0.286513 0.0445163
5 0.368668 0.626299 0.0328446 0.175157 0.0395792
8 0.0431915 0.910403 0.0676008 0.0706091 0.0384037
5 0.367317 0.648252 0.0328769 0.220731 0.0335209
8 0.0397418 0.907305 0.0706559 0.0769532 0.0305774
5 0.364745 0.690141 0.0279672 0.304306 0.0260045
5 0.365837 0.661934 0.0313152 0.248843 0.0247403
5 0.368653 0.673475 0.0384164 0.27868 0.0234486
