3 0.482461 0.462964 0.15647 0.0744958 0.870692
8 0.180413 0.941166 0.0513134 0.0357304 0.817732
8 0.0347697 0.918811 0.0618614 0.0989022 0.61959
5 0.535107 0.505725 0.0423088 0.095822 0.446527
5 0.398132 0.473848 0.0532333 0.158632 0.441808
8 0.0324006 0.955674 0.0622042 0.0253399 0.394876
5 0.533985 0.513755 0.0470529 0.112778 0.296122
5 0.374175 0.527521 0.106906 0.260808 0.153404
5 0.403566 0.465526 0.0368959 0.13831 0.0292656
5 0.39085 0.486691 0.0717071 0.185039 0.0238566
5 0.530544 0.508781 0.0388901 0.119673 0.0182872
