3 0.447806 0.486138 0.125945 0.0723011 0.878879
3 0.385963 0.45856 0.103135 0.0457215 0.818674
8 0.371462 0.0942164 0.0352791 0.0330357 0.80662
6 0.492335 0.5576 0.177279 0.269225 0.129181
6 0.476509 0.583052 0.203908 0.343942 0.118408
6 0.496575 0.54339 0.162515 0.238384 0.0974954
7 0.527143 0.563425 0.249444 0.287748 0.0558957
7 0.523971 0.561716 0.247033 0.286945 0.0396917
7 0.318805 0.445235 0.128402 0.212459 0.0315493
7 0.305028 0.456006 0.0988045 0.170255 0.015057
6 0.452741 0.646948 0.23939 0.459483 0.0143008
7 0.345969 0.436509 0.105795 0.189555 0.0125429
7 0.301898 0.465183 0.103699 0.173861 0.0104563
