3 0.528399 0.434144 0.211976 0.0864348 0.865978
8 0.134601 0.946389 0.0676626 0.0300204 0.786225
8 0.0366725 0.245997 0.0354016 0.0348413 0.775019
5 0.608832 0.490317 0.0571575 0.220592 0.209262
5 0.610116 0.494653 0.0488112 0.193759 0.17812
5 0.608617 0.510604 0.0504982 0.180265 0.103819
5 0.609157 0.503928 0.0500569 0.192098 0.0310872
3 0.237339 0.336184 0.0959143 0.0566488 0.0265139
3 0.297362 0.529006 0.109987 0.0736827 0.0199429
5 0.469888 0.51057 0.0715783 0.152407 0.0186609
3 0.296413 0.524972 0.10872 0.0669519 0.0182293
5 0.471648 0.531643 0.0780764 0.197878 0.0167745
5 0.479896 0.538835 0.0868853 0.207659 0.0124301
