8 0.0479282 0.313319 0.0688938 0.0980249 0.912681
3 0.591123 0.519625 0.297687 0.170992 0.906768
5 0.493156 0.625788 0.0752959 0.247918 0.622206
5 0.694917 0.623376 0.0629354 0.236171 0.53717
5 0.696069 0.60726 0.0560942 0.180957 0.363914
5 0.694649 0.618448 0.0586353 0.203979 0.120263
5 0.493729 0.617586 0.0656417 0.220606 0.0771202
5 0.491484 0.607722 0.0683408 0.209221 0.0584322
3 0.273927 0.405844 0.0874285 0.0669604 0.0259156
5 0.697365 0.588065 0.0532831 0.137174 0.0113997
3 0.591929 0.521105 0.296202 0.177057 0.0109792
