3 0.544544 0.68689 0.280994 0.117363 0.867277
5 0.409983 0.721569 0.0473474 0.297694 0.696823
3 0.2554 0.563667 0.185933 0.0846366 0.526911
8 0.0626224 0.31084 0.0330449 0.0352403 0.515258
8 0.0764927 0.331447 0.0606881 0.0300065 0.298729
5 0.69619 0.645477 0.0553133 0.125553 0.23642
5 0.695163 0.649124 0.0622517 0.14191 0.226482
5 0.642157 0.759928 0.0488784 0.103737 0.202468
8 0.078025 0.337268 0.0586085 0.0181203 0.195639
8 0.0688268 0.323538 0.0485434 0.0460441 0.155446
5 0.639561 0.771966 0.0565299 0.130505 0.0979865
8 0.0754007 0.317829 0.0616936 0.0535242 0.097012
8 0.0764438 0.321741 0.0596671 0.0502132 0.0811583
8 0.077138 0.33719 0.0593012 0.0181607 0.0580847
3 0.22544 0.436388 0.107306 0.0713729 0.0478019
5 0.410445 0.692617 0.0385762 0.224871 0.0465522
8 0.069049 0.338139 0.04663 0.0154684 0.043198
5 0.410804 0.710768 0.0390924 0.23395 0.0427201
5 0.637716 0.782338 0.0622991 0.153468 0.0318702
5 0.670825 0.707894 0.110596 0.258512 0.014686
5 0.643201 0.750938 0.0375344 0.0779145 0.0135789
3 0.722916 0.34177 0.087657 0.069404 0.0110767
