3 0.357455 0.577448 0.274273 0.0927822 0.849809
3 0.327394 0.504285 0.220125 0.0595992 0.762316
5 0.471386 0.656579 0.0934876 0.338304 0.738322
8 0.0400592 0.875388 0.0583939 0.0367758 0.480172
8 0.044623 0.892685 0.070068 0.0216875 0.253896
5 0.235921 0.60603 0.0392796 0.225496 0.171089
5 0.234951 0.594051 0.037914 0.203648 0.14631
5 0.237325 0.61916 0.042361 0.234745 0.10369
5 0.234566 0.585622 0.0368025 0.177952 0.0689446
8 0.042621 0.878124 0.065194 0.0436888 0.0543894
5 0.238836 0.625612 0.0451653 0.225864 0.0233523
8 0.0439556 0.89877 0.0714896 0.0176889 0.0198935
5 0.236439 0.610596 0.0520821 0.237966 0.0194297
5 0.469387 0.628406 0.068756 0.258602 0.0191194
