3 0.426831 0.64098 0.298391 0.116574 0.901771
8 0.955783 0.0900883 0.0460051 0.0348502 0.786202
5 0.565982 0.683754 0.0296351 0.339487 0.237518
5 0.172281 0.727235 0.163803 0.545446 0.0553539
5 0.567085 0.613456 0.0194088 0.201562 0.0350942
5 0.567207 0.629016 0.0211691 0.230611 0.0307526
5 0.567196 0.58936 0.0172919 0.152244 0.0270463
5 0.564762 0.757189 0.0240411 0.271615 0.0246267
5 0.56746 0.578875 0.0155494 0.128112 0.0204152
5 0.564914 0.746319 0.0235538 0.252601 0.0191265
5 0.566906 0.647503 0.0234748 0.279961 0.0177623
5 0.310711 0.68485 0.0602464 0.109486 0.015199
5 0.274228 0.64177 0.131151 0.224773 0.0128768
3 0.746746 0.418598 0.0981862 0.0651868 0.0127333
5 0.564758 0.766109 0.0239353 0.268603 0.0118407
5 0.56476 0.778126 0.024729 0.268886 0.0104931
