8 0.891911 0.053127 0.112147 0.0669461 0.898123
3 0.400975 0.507256 0.262904 0.1227 0.885594
3 0.773868 0.305893 0.141481 0.0543283 0.851244
3 0.763745 0.520133 0.187045 0.0868146 0.813608
5 0.29425 0.541186 0.0448196 0.176199 0.728817
5 0.696565 0.615849 0.0581562 0.369133 0.555486
5 0.839299 0.570387 0.0342659 0.156933 0.532535
5 0.505787 0.507723 0.0556623 0.159732 0.271089
5 0.83889 0.562887 0.0325921 0.134163 0.268332
5 0.693792 0.573084 0.0411788 0.276499 0.152035
5 0.691705 0.549023 0.039248 0.227594 0.0593628
5 0.509932 0.496132 0.0446641 0.138607 0.052032
5 0.697841 0.630748 0.0472765 0.296193 0.0257531
5 0.514399 0.486276 0.0363591 0.121221 0.0168068
5 0.507045 0.501531 0.0517365 0.154052 0.0143533
5 0.690154 0.525412 0.039929 0.178129 0.0142638
5 0.687179 0.516014 0.0356788 0.16456 0.01325
5 0.516247 0.470682 0.0326591 0.0926064 0.0128226
5 0.516191 0.461786 0.0311067 0.0754195 0.0122997
5 0.686882 0.534505 0.0374086 0.199398 0.0121492
5 0.696776 0.617987 0.0464266 0.284113 0.0114066
5 0.838623 0.551877 0.0312828 0.11115 0.0107798
