8 0.235395 0.442679 0.0672204 0.0360568 0.815969
3 0.587423 0.517031 0.24095 0.132164 0.770775
3 0.571833 0.499227 0.207753 0.0813572 0.578605
4 0.543667 0.49672 0.0899311 0.506967 0.569051
8 0.955576 0.493648 0.0436788 0.0530925 0.55903
3 0.636979 0.528658 0.145642 0.0889227 0.436747
3 0.639873 0.523332 0.14103 0.0830862 0.245721
4 0.571296 0.362169 0.0434845 0.249467 0.179376
3 0.56412 0.554121 0.173576 0.073628 0.03573
4 0.569957 0.371571 0.0495981 0.298522 0.030343
8 0.955806 0.493511 0.0432638 0.0528264 0.0299017
4 0.534308 0.496361 0.0925254 0.51124 0.0200923
4 0.567971 0.354921 0.0586693 0.227048 0.0176337
