8 0.930368 0.394754 0.0652016 0.0741076 0.899393
3 0.645621 0.693216 0.140217 0.103152 0.868088
3 0.38834 0.642071 0.193838 0.0918288 0.840672
4 0.32723 0.627077 0.3301 0.710644 0.795605
3 0.701288 0.455771 0.0841267 0.0573942 0.740144
4 0.321391 0.584732 0.325209 0.622372 0.260124
4 0.317693 0.608653 0.327409 0.68519 0.242012
3 0.701787 0.455701 0.0828846 0.0568636 0.151381
4 0.324079 0.591971 0.320155 0.667463 0.11202
5 0.699285 0.757464 0.0355069 0.30269 0.0962185
5 0.471278 0.64769 0.0403674 0.14967 0.090416
5 0.701933 0.752748 0.0294891 0.287228 0.0849655
5 0.58926 0.720319 0.0272398 0.253269 0.0313494
5 0.69924 0.743047 0.0279992 0.249221 0.0185349
5 0.472581 0.642951 0.0345863 0.130104 0.0153575
5 0.590894 0.743077 0.0330126 0.306872 0.0144265
5 0.697698 0.766796 0.03125 0.29634 0.0136795
5 0.589084 0.643635 0.0198513 0.0969726 0.0120861
5 0.589743 0.754806 0.0328676 0.332086 0.0117357
5 0.30664 0.681591 0.0278583 0.233395 0.0101338
5 0.589944 0.742148 0.028103 0.298228 0.0100782
