8 0.8899 0.916157 0.150914 0.0950565 0.911063
3 0.626559 0.604702 0.304386 0.111123 0.858795
3 0.512736 0.666134 0.235665 0.0985336 0.755042
5 0.418234 0.725727 0.0666332 0.406477 0.747381
5 0.739444 0.735278 0.072632 0.31648 0.674633
3 0.553168 0.620272 0.156831 0.0724393 0.16486
5 0.410817 0.794301 0.0394962 0.270807 0.0471369
5 0.410549 0.780401 0.0376061 0.249376 0.0335526
5 0.609709 0.743627 0.0420606 0.276544 0.0328628
5 0.740187 0.701431 0.0622193 0.236024 0.0309681
5 0.609505 0.762323 0.0597022 0.331612 0.0300768
5 0.410596 0.787311 0.039303 0.267722 0.0299167
5 0.608002 0.769247 0.0580498 0.336098 0.0214572
5 0.607226 0.775892 0.0575685 0.343676 0.0199344
5 0.594541 0.772162 0.0553066 0.348947 0.0193699
