3 0.732299 0.456767 0.14537 0.0737464 0.872912
8 0.946209 0.46344 0.0453316 0.0667971 0.854655
8 0.957994 0.0863073 0.0419069 0.0332887 0.828519
0 0.434396 0.670079 0.098709 0.0506486 0.773814
0 0.439398 0.589695 0.322562 0.358742 0.687536
0 0.422176 0.588887 0.0938076 0.0631659 0.566081
0 0.436541 0.736907 0.0978696 0.05602 0.461572
0 0.436428 0.736027 0.10027 0.0560233 0.104394
0 0.424905 0.588696 0.100576 0.0637921 0.0800851
0 0.435903 0.735927 0.0999994 0.0521845 0.0494783
1 0.439398 0.589695 0.322562 0.358742 0.0341055
7 0.439398 0.589695 0.322562 0.358742 0.0263598
0 0.437649 0.736564 0.100772 0.0524608 0.0217872
0 0.420192 0.66929 0.0893943 0.0469302 0.017688
0 0.390818 0.67532 0.0629606 0.0389611 0.010771
