8 0.260231 0.963625 0.247886 0.0309011 0.853145
8 0.897786 0.909121 0.0739141 0.0353797 0.805357
3 0.654297 0.551604 0.219592 0.0538777 0.643194
8 0.965595 0.882701 0.0688098 0.0495835 0.510972
3 0.665811 0.60485 0.211985 0.0716007 0.461468
8 0.965585 0.885938 0.0688299 0.056546 0.132153
3 0.659862 0.582541 0.226795 0.106231 0.118988
8 0.960566 0.894928 0.0788681 0.0525995 0.0379387
8 0.965564 0.890896 0.0688715 0.0678224 0.0277143
8 0.968533 0.916222 0.0629334 0.136722 0.0195986
8 0.965929 0.87422 0.0675465 0.0326908 0.0166389
8 0.958935 0.911813 0.0821308 0.106591 0.0162746
3 0.65845 0.57952 0.220688 0.0998011 0.0124737
8 0.969117 0.872696 0.0617651 0.029458 0.011613
