8 0.0911599 0.334102 0.130091 0.120835 0.920789
0 0.666165 0.618752 0.100487 0.0648572 0.895227
0 0.673388 0.710899 0.0898117 0.0581328 0.871515
0 0.658761 0.508526 0.128174 0.0702262 0.67314
3 0.292945 0.364478 0.12142 0.0730177 0.112225
0 0.673931 0.711321 0.087216 0.0569075 0.111768
0 0.6489 0.546655 0.388786 0.375791 0.0903327
0 0.647367 0.550357 0.390331 0.391533 0.0222773
0 0.684937 0.389636 0.326564 0.109306 0.0208355
3 0.658761 0.508526 0.128174 0.0702262 0.0199768
0 0.679921 0.379991 0.321805 0.106481 0.011588
0 0.754194 0.40504 0.146283 0.0668272 0.010884
