3 0.655205 0.640804 0.345113 0.169339 0.812926
8 0.065544 0.904103 0.0801734 0.0400917 0.784891
5 0.781016 0.733491 0.0515807 0.196559 0.556274
5 0.781469 0.739942 0.0573454 0.225975 0.395838
8 0.0647983 0.859411 0.0855613 0.129295 0.224854
5 0.5358 0.693327 0.0948187 0.157201 0.192114
5 0.547252 0.722519 0.116897 0.21999 0.186092
5 0.560835 0.786044 0.143234 0.342496 0.140717
5 0.538098 0.710759 0.102112 0.195325 0.0624689
3 0.656145 0.640827 0.339131 0.167618 0.0126816
8 0.0658635 0.889153 0.0841126 0.0700566 0.010112
