8 0.107653 0.900326 0.131868 0.130766 0.937754
3 0.596493 0.603142 0.21388 0.107428 0.883809
5 0.557986 0.728376 0.118578 0.258352 0.744379
3 0.348376 0.598174 0.12743 0.0506373 0.484704
5 0.688876 0.662447 0.0321097 0.148213 0.3317
5 0.688489 0.687448 0.0362139 0.159228 0.175757
5 0.689699 0.647102 0.0312967 0.147902 0.165687
3 0.348541 0.598176 0.127455 0.0510654 0.108799
5 0.686736 0.656307 0.041507 0.210563 0.0856553
5 0.688478 0.660744 0.0408378 0.214894 0.0259569
5 0.554872 0.714055 0.107697 0.209454 0.0144065
5 0.564207 0.766802 0.112138 0.343421 0.0136042
