8 0.821151 0.943081 0.0758061 0.0758021 0.883561
3 0.491934 0.583998 0.1882 0.0751308 0.873197
3 0.273469 0.602669 0.125133 0.0806592 0.808168
5 0.309466 0.708725 0.0659955 0.323395 0.416278
5 0.56381 0.66975 0.0875997 0.24984 0.38309
5 0.31065 0.706809 0.0662916 0.319501 0.374476
5 0.548928 0.686639 0.0601586 0.203827 0.366629
5 0.41153 0.640712 0.0386048 0.211463 0.244766
5 0.294688 0.736527 0.0338091 0.239285 0.218857
5 0.411722 0.624462 0.0377092 0.178405 0.0971121
5 0.296984 0.739198 0.0362764 0.252041 0.0718518
5 0.567711 0.667398 0.0935683 0.249594 0.049502
5 0.310685 0.679231 0.0537507 0.259586 0.0106767
