3 0.451107 0.592818 0.170804 0.0596375 0.839886
8 0.159293 0.274477 0.0512764 0.0346352 0.814147
8 0.0370725 0.329028 0.0741449 0.0221356 0.510093
5 0.522364 0.65778 0.0262487 0.149835 0.414921
5 0.354203 0.58655 0.0633408 0.264597 0.238548
8 0.0378882 0.310735 0.0757763 0.0603224 0.15016
8 0.0371956 0.299994 0.0743912 0.0819718 0.0940234
8 0.0377913 0.317732 0.0755826 0.0446355 0.086847
5 0.521028 0.652574 0.0232063 0.132373 0.0405403
5 0.367387 0.629268 0.0382761 0.282549 0.0387659
5 0.366666 0.617474 0.0372913 0.272635 0.0384724
5 0.522698 0.651545 0.0275069 0.156107 0.0267143
5 0.358343 0.588643 0.0584619 0.256821 0.0191708
5 0.359728 0.598567 0.0522772 0.281921 0.0110333
5 0.363302 0.608847 0.0427597 0.270589 0.0108645
