3 0.566276 0.573783 0.190413 0.0694406 0.863848
8 0.153402 0.4082 0.0450906 0.0329572 0.813922
8 0.0715408 0.561015 0.0600542 0.0191005 0.739982
5 0.650126 0.596158 0.0504508 0.180138 0.283143
5 0.653046 0.592573 0.0550278 0.185994 0.183757
5 0.481028 0.588945 0.0282708 0.203248 0.130784
5 0.481161 0.601464 0.0298614 0.221824 0.13052
5 0.480658 0.599106 0.0321364 0.237098 0.11812
5 0.481219 0.610876 0.0322618 0.25473 0.0330888
5 0.480436 0.580844 0.0253321 0.166791 0.0308351
8 0.0704159 0.539102 0.0586909 0.062661 0.0185606
5 0.651158 0.600617 0.0591667 0.202849 0.0133204
5 0.656051 0.581761 0.0461116 0.164968 0.0124003
5 0.346023 0.642216 0.0296378 0.228343 0.0105914
