3 0.548424 0.64101 0.198827 0.0833549 0.868288
8 0.0282246 0.920406 0.0548925 0.0221435 0.676896
5 0.463511 0.653175 0.0354805 0.120199 0.553294
8 0.175357 0.921151 0.0418722 0.0337138 0.312115
8 0.175539 0.921261 0.0415046 0.0340725 0.198603
8 0.0279941 0.885358 0.0559883 0.0918048 0.138275
5 0.621476 0.675584 0.0561977 0.118806 0.0606492
5 0.621483 0.669402 0.0480378 0.1111 0.0540158
8 0.0285334 0.896371 0.0570667 0.0717659 0.0241797
5 0.639911 0.654416 0.0982795 0.161764 0.0241717
8 0.0285067 0.908586 0.0570134 0.0452222 0.0114485
