3 0.566592 0.652057 0.302585 0.0933392 0.885113
3 0.239185 0.565931 0.103729 0.0779629 0.880427
8 0.0318744 0.0880968 0.0365574 0.0361295 0.766613
5 0.455198 0.737629 0.076879 0.194109 0.467709
8 0.0234156 0.138065 0.016944 0.0227916 0.0825469
8 0.0186235 0.137113 0.0164667 0.0207686 0.046419
8 0.0189854 0.138402 0.0154997 0.0184554 0.0299486
8 0.0186372 0.122303 0.0185844 0.0527816 0.0286434
8 0.0316147 0.11532 0.0397282 0.0638788 0.0248885
5 0.45588 0.742676 0.0846383 0.212547 0.0109489
5 0.689057 0.760286 0.0401212 0.243615 0.0106911
