8 0.0852947 0.126528 0.0831036 0.0564515 0.881051
3 0.597976 0.613486 0.289591 0.127808 0.876665
3 0.275834 0.457319 0.107819 0.0541862 0.858892
3 0.329051 0.561401 0.156665 0.0679985 0.739211
5 0.676689 0.770483 0.0993644 0.259202 0.689296
5 0.480822 0.663181 0.0483983 0.143437 0.289796
5 0.704843 0.72567 0.157231 0.347894 0.200286
5 0.71021 0.727193 0.165587 0.35405 0.156532
5 0.753433 0.596846 0.0557229 0.0909553 0.0887281
5 0.480747 0.669222 0.0540621 0.159913 0.0367209
5 0.679903 0.752975 0.0834518 0.223803 0.0239289
5 0.749893 0.600911 0.0652269 0.0993305 0.021731
