8 0.936345 0.246892 0.0434472 0.0337711 0.80348
4 0.281603 0.479697 0.556868 0.497219 0.70554
4 0.286262 0.47867 0.553547 0.492554 0.670702
3 0.419389 0.540555 0.267207 0.0891701 0.643233
4 0.287068 0.482632 0.554574 0.486982 0.524471
5 0.307456 0.593133 0.11659 0.263727 0.135763
5 0.540269 0.541064 0.0320855 0.107597 0.0945266
5 0.32847 0.626249 0.0791306 0.203552 0.0609736
3 0.41199 0.499662 0.324161 0.144064 0.0334346
5 0.315284 0.581737 0.0799781 0.147463 0.0304572
5 0.325045 0.609537 0.0806138 0.183571 0.0293637
5 0.309801 0.5722 0.0911 0.148256 0.0110832
