8 0.903738 0.323741 0.0860717 0.0879141 0.901686
4 0.327886 0.535335 0.460397 0.46602 0.771437
4 0.326118 0.532713 0.466087 0.454805 0.75237
3 0.44092 0.590423 0.20059 0.0840505 0.7397
5 0.379496 0.672694 0.0722877 0.19178 0.30101
5 0.531911 0.578192 0.0236124 0.115202 0.242496
4 0.340007 0.525149 0.478547 0.447704 0.16049
5 0.378357 0.668963 0.0883662 0.219468 0.121033
3 0.434074 0.556297 0.238706 0.144251 0.0857514
5 0.375754 0.662897 0.0739084 0.183104 0.0351416
4 0.329495 0.526716 0.45692 0.468596 0.0119406
3 0.430697 0.550561 0.24965 0.1433 0.0107313
