3 0.5318 0.685219 0.249773 0.115173 0.852936
3 0.279394 0.599 0.0733123 0.0632141 0.757617
8 0.0202035 0.887046 0.0256875 0.0332653 0.614028
8 0.0222837 0.931383 0.0407748 0.0194276 0.609646
5 0.44542 0.815749 0.0484264 0.269996 0.134795
8 0.0217898 0.904098 0.0392169 0.0737173 0.133719
8 0.0224664 0.903819 0.0395366 0.0753564 0.116251
5 0.443339 0.782779 0.0446003 0.198272 0.111593
8 0.0224304 0.913729 0.0410322 0.0555243 0.0366815
5 0.445412 0.818215 0.0487547 0.272627 0.0208437
5 0.442882 0.766986 0.0426119 0.168552 0.0180386
