8 0.0425949 0.0859466 0.0550595 0.0340673 0.794668
3 0.469361 0.570114 0.370735 0.133626 0.774436
5 0.319408 0.621065 0.0751947 0.224747 0.103961
5 0.317815 0.614288 0.069396 0.205447 0.0841201
5 0.558606 0.646599 0.139645 0.158201 0.0759774
5 0.325352 0.628019 0.0524531 0.204427 0.0469722
5 0.562016 0.635526 0.128588 0.140264 0.0298833
8 0.0128041 0.0442137 0.0256082 0.0884274 0.0279075
5 0.579357 0.626964 0.168511 0.199467 0.0250227
5 0.327201 0.641845 0.0506335 0.199038 0.0122722
5 0.57601 0.621971 0.144748 0.157505 0.0119838
5 0.575252 0.636863 0.167926 0.21261 0.010792
