3 0.60182 0.652883 0.207548 0.0920588 0.868321
8 0.0217974 0.0851646 0.0290758 0.0342324 0.727515
3 0.394055 0.639049 0.147667 0.0794804 0.611675
8 0.994984 0.572575 0.010031 0.0689483 0.35394
8 0.994552 0.573972 0.0108967 0.0677774 0.267939
8 0.993512 0.9384 0.0129765 0.100162 0.094618
8 0.994376 0.576129 0.011248 0.0638502 0.0587629
8 0.0219752 0.0852718 0.0290786 0.0341548 0.0440744
8 0.994988 0.539312 0.0100237 0.0795253 0.0364978
8 0.99499 0.586941 0.0100207 0.0532335 0.0303355
8 0.995325 0.568959 0.00935003 0.0644262 0.0179411
8 0.99548 0.558065 0.00904016 0.0539483 0.0110277
