3 0.487838 0.609074 0.223434 0.115876 0.877326
8 0.816449 0.0207563 0.0426285 0.0372562 0.788911
8 0.0143868 0.234814 0.0287735 0.130954 0.69118
3 0.764035 0.591677 0.151787 0.0774998 0.205573
5 0.566636 0.645537 0.0930681 0.208271 0.0874953
3 0.759025 0.626468 0.137006 0.103522 0.0632117
3 0.761223 0.615851 0.141476 0.0983362 0.0567485
8 0.0136404 0.235441 0.0272809 0.130849 0.0405907
5 0.567362 0.646591 0.0803253 0.198293 0.035584
3 0.76432 0.587119 0.155533 0.07738 0.035036
5 0.571901 0.63018 0.073071 0.165969 0.0209583
3 0.763088 0.601042 0.147003 0.0830741 0.020452
3 0.763958 0.579567 0.159495 0.0744405 0.0184926
