5 0.349567 0.778426 0.113518 0.321348 0.853544
3 0.768813 0.758639 0.167875 0.113882 0.846221
8 0.94798 0.0880241 0.0588914 0.0379093 0.80427
3 0.475281 0.734773 0.277432 0.144792 0.689397
5 0.715349 0.814629 0.0623202 0.315432 0.447103
5 0.575846 0.775361 0.0799815 0.200445 0.371813
5 0.574748 0.77708 0.0846087 0.216288 0.155696
5 0.715813 0.818799 0.0619633 0.310916 0.0665528
5 0.715343 0.811074 0.058831 0.315699 0.0613206
5 0.575219 0.779474 0.0823565 0.201834 0.0205007
5 0.833002 0.700795 0.0283779 0.183461 0.0120329
5 0.713839 0.864441 0.053003 0.246164 0.01079
3 0.472285 0.74395 0.281224 0.165628 0.0101401
