8 0.118098 0.305275 0.113415 0.0793501 0.900976
3 0.540057 0.499627 0.278458 0.0941049 0.880992
3 0.273681 0.49982 0.159867 0.050158 0.823321
5 0.331393 0.606421 0.0609336 0.26978 0.709869
5 0.66373 0.540787 0.104373 0.205407 0.385924
5 0.66624 0.546208 0.113371 0.220699 0.184976
5 0.418877 0.483671 0.0393892 0.0535315 0.169761
5 0.419172 0.481023 0.0380109 0.0525891 0.110803
5 0.419546 0.474217 0.0338179 0.0555882 0.0853109
5 0.665377 0.545249 0.111202 0.219531 0.0490571
5 0.418204 0.488133 0.0384272 0.0557928 0.0405532
5 0.41976 0.500378 0.0428489 0.0881223 0.0173702
5 0.33025 0.607166 0.0559526 0.261152 0.011688
