3 0.437572 0.422687 0.280073 0.0786571 0.886245
3 0.161931 0.435093 0.16847 0.0551674 0.862999
8 0.0441578 0.888592 0.0624707 0.0368416 0.795992
8 0.01602 0.73468 0.03204 0.0209788 0.211492
8 0.0153848 0.721457 0.0307696 0.0509484 0.174462
5 0.222951 0.48298 0.0439261 0.141118 0.113189
8 0.0148613 0.711601 0.0297225 0.0738246 0.0977392
8 0.0142177 0.705647 0.0284354 0.0810493 0.0836129
8 0.014914 0.751229 0.0298279 0.0399719 0.0412967
8 0.0107146 0.913234 0.0202315 0.0589363 0.0312201
8 0.0151085 0.736417 0.0302169 0.0197109 0.0127215
