8 0.932564 0.480225 0.113 0.0781343 0.913214
3 0.428488 0.653726 0.267729 0.104556 0.872731
3 0.712605 0.645689 0.157089 0.075375 0.842089
5 0.535131 0.702676 0.0542403 0.157346 0.260317
5 0.663319 0.709543 0.0420596 0.138044 0.231737
5 0.663277 0.699806 0.0370876 0.111394 0.164247
5 0.535414 0.694389 0.0509731 0.135529 0.159192
5 0.535192 0.693162 0.0527991 0.155819 0.0807804
5 0.670639 0.78446 0.0472219 0.288912 0.0480231
5 0.53633 0.682943 0.0489459 0.128459 0.0154828
5 0.676767 0.791552 0.05286 0.30592 0.0123744
5 0.534158 0.70146 0.0598838 0.177877 0.0123019
5 0.535875 0.734134 0.0610713 0.161181 0.0118678
5 0.536074 0.684164 0.046981 0.109878 0.010974
