8 0.0811671 0.298174 0.0763359 0.0630183 0.88401
8 0.119054 0.440902 0.0473074 0.0490035 0.782866
3 0.559024 0.474607 0.202383 0.0990083 0.580878
3 0.371844 0.492736 0.125014 0.0629061 0.211863
5 0.539775 0.668299 0.167465 0.503717 0.151632
3 0.558873 0.475726 0.20119 0.09635 0.107602
5 0.643009 0.548049 0.0589539 0.172076 0.0956096
5 0.646061 0.56059 0.0695177 0.195959 0.0740277
5 0.538612 0.680306 0.165337 0.482747 0.0197384
5 0.634994 0.509753 0.0632481 0.232762 0.0131781
5 0.640285 0.535414 0.0486581 0.138057 0.0100556
