3 0.571334 0.564787 0.263543 0.105978 0.868577
8 0.0365481 0.0835319 0.0470628 0.0460156 0.748055
3 0.297973 0.476199 0.23135 0.112186 0.361405
5 0.465805 0.599914 0.0498366 0.207446 0.302499
5 0.467485 0.600142 0.0568515 0.22145 0.161305
5 0.464744 0.586208 0.0477847 0.185887 0.0885106
3 0.29876 0.485333 0.222365 0.0825533 0.0788622
0 0.307845 0.437565 0.272557 0.188978 0.0278545
5 0.463154 0.566289 0.0437024 0.134671 0.0169025
3 0.294692 0.502764 0.196777 0.0606686 0.0133609
3 0.297202 0.465548 0.237329 0.123847 0.01256
