3 0.532047 0.646879 0.225128 0.103413 0.906447
8 0.0293405 0.0886945 0.0383492 0.0344787 0.812936
8 0.0379945 0.882221 0.0513223 0.0170041 0.679166
3 0.302835 0.56428 0.179295 0.0698933 0.615133
5 0.436798 0.676566 0.0333334 0.183476 0.359963
5 0.438305 0.714384 0.0333286 0.17503 0.212036
5 0.437122 0.691545 0.0451538 0.220977 0.169192
3 0.303151 0.55772 0.187632 0.085523 0.0505231
8 0.0363139 0.85368 0.0532838 0.0735209 0.0392732
8 0.0377234 0.874101 0.0533443 0.0336158 0.0318066
5 0.437574 0.689229 0.0336076 0.205005 0.0281639
3 0.303091 0.54345 0.193635 0.115668 0.0199199
5 0.228775 0.606962 0.0200723 0.0961698 0.0104538
