8 0.910453 0.481686 0.0849015 0.0621525 0.889059
3 0.639197 0.585813 0.155004 0.0620993 0.849557
3 0.5845 0.527672 0.146713 0.0527145 0.791716
5 0.707761 0.639071 0.0488505 0.311849 0.581702
5 0.574255 0.608981 0.036211 0.150686 0.166279
5 0.57167 0.596106 0.0374257 0.109121 0.0833165
5 0.706998 0.643968 0.0446407 0.284297 0.0321491
5 0.552996 0.577731 0.0618143 0.181957 0.0293871
5 0.568261 0.595543 0.0554147 0.206617 0.0250317
5 0.545281 0.597495 0.0695447 0.214909 0.0145873
5 0.569681 0.602737 0.0508145 0.218472 0.0136713
5 0.522816 0.572018 0.0371078 0.181011 0.0132663
5 0.523495 0.559968 0.0336583 0.151008 0.0117179
