8 0.87261 0.337894 0.122358 0.0974814 0.911626
3 0.476012 0.520052 0.213154 0.0771953 0.8608
5 0.388567 0.616689 0.120133 0.281588 0.851841
3 0.682926 0.525835 0.138772 0.0682114 0.827949
5 0.627215 0.565094 0.0438627 0.174393 0.323402
5 0.632229 0.579462 0.0477808 0.206361 0.149706
5 0.629631 0.576966 0.0427871 0.197008 0.0874326
5 0.737833 0.544681 0.0269129 0.0934065 0.0404585
5 0.737702 0.535598 0.0276226 0.0779721 0.0254524
5 0.556827 0.603146 0.0412409 0.183179 0.0190897
5 0.556035 0.613628 0.0437273 0.199653 0.0168613
5 0.557119 0.588388 0.0380257 0.171275 0.0115252
8 0.695746 0.302798 0.0234922 0.0131716 0.0102838
5 0.626927 0.543468 0.0389927 0.123008 0.0102608
