3 0.567286 0.38348 0.225061 0.0647302 0.84607
3 0.293669 0.309353 0.169589 0.0473537 0.835014
8 0.168966 0.0563416 0.0565789 0.0333694 0.787345
8 0.0793725 0.268874 0.0499818 0.0169008 0.682744
5 0.471494 0.403497 0.0487998 0.214419 0.663392
5 0.471062 0.409032 0.0479927 0.226032 0.453789
5 0.319007 0.430488 0.0896279 0.231584 0.427048
5 0.332697 0.389613 0.0678176 0.148975 0.0820297
5 0.697139 0.317617 0.0510513 0.0972082 0.0615947
5 0.333839 0.376921 0.0612936 0.121868 0.056923
5 0.696356 0.323483 0.0548747 0.111428 0.0415537
3 0.272072 0.227997 0.0940607 0.037672 0.0377367
5 0.69441 0.317563 0.044198 0.0895682 0.0261053
5 0.333948 0.364453 0.0513158 0.0928876 0.0218809
5 0.315653 0.432002 0.072441 0.245002 0.0146111
8 0.0780087 0.268887 0.0509753 0.0166236 0.0128088
5 0.328294 0.413305 0.0715493 0.195804 0.0116514
5 0.337306 0.365987 0.0545333 0.102876 0.0113793
8 0.0771704 0.250805 0.0546538 0.0556406 0.0108215
5 0.321598 0.43105 0.0737525 0.227438 0.0105561
