3 0.610489 0.644073 0.270076 0.0995713 0.882857
8 0.965714 0.872246 0.0685715 0.0981093 0.871571
3 0.312608 0.61886 0.158634 0.0658424 0.805567
5 0.494075 0.673829 0.0716508 0.205419 0.453947
5 0.494036 0.678945 0.0739089 0.224571 0.205414
5 0.719903 0.65241 0.0548451 0.153975 0.131263
3 0.251513 0.501759 0.0994707 0.0521971 0.118938
5 0.737589 0.605563 0.0267326 0.0712085 0.0580348
5 0.718655 0.680669 0.0587471 0.217988 0.0490463
5 0.714217 0.695968 0.0395129 0.0911164 0.0299026
5 0.716779 0.690947 0.0572187 0.231471 0.0163507
5 0.73906 0.601184 0.0238697 0.0676941 0.0111671
