3 0.74031 0.410059 0.159875 0.0571057 0.884948
8 0.923513 0.187792 0.0640084 0.0821982 0.883405
3 0.435345 0.558559 0.209194 0.176754 0.713895
5 0.806093 0.454669 0.0200082 0.165659 0.0722056
5 0.806193 0.477525 0.0194072 0.162678 0.0598081
5 0.807778 0.482409 0.0209081 0.157762 0.036771
5 0.807547 0.493518 0.0228445 0.182774 0.0332039
5 0.807833 0.472887 0.0201799 0.143145 0.0217213
7 0.250395 0.619054 0.207041 0.462947 0.0192905
3 0.440202 0.508935 0.211684 0.0919574 0.0154534
5 0.807314 0.49226 0.0197046 0.177577 0.0149831
5 0.341421 0.640752 0.0485666 0.431969 0.0143322
