8 0.884492 0.148022 0.11846 0.074953 0.908504
3 0.568217 0.479802 0.188502 0.111806 0.628876
5 0.475817 0.480778 0.114713 0.271501 0.473659
3 0.55733 0.394648 0.179759 0.0580036 0.194195
3 0.539693 0.487806 0.244448 0.289177 0.103757
5 0.482367 0.451872 0.0993802 0.195686 0.0899555
7 0.744384 0.581364 0.228111 0.508264 0.0590562
3 0.540556 0.520762 0.245609 0.353945 0.052739
3 0.541477 0.495224 0.248192 0.298985 0.0493491
5 0.476999 0.518705 0.112994 0.34992 0.0422693
3 0.558763 0.510091 0.220765 0.213743 0.0317952
7 0.754735 0.587846 0.225678 0.510787 0.0146897
3 0.538639 0.591056 0.234692 0.496692 0.0120207
3 0.557336 0.544696 0.226197 0.281911 0.01108
5 0.5008 0.49702 0.0663134 0.198464 0.0108598
5 0.479121 0.447258 0.110592 0.195494 0.0102442
