8 0.0867675 0.0974745 0.101335 0.0981827 0.913604
3 0.508739 0.476421 0.132683 0.0603464 0.11454
5 0.44021 0.513681 0.061508 0.204251 0.0853902
5 0.440846 0.514533 0.0514374 0.201608 0.0349541
3 0.499765 0.459285 0.162226 0.0885721 0.0281828
5 0.441461 0.501855 0.0480392 0.178178 0.0263777
3 0.657577 0.450061 0.102185 0.05425 0.0240906
3 0.657559 0.44191 0.105768 0.0507869 0.0200441
3 0.506569 0.468302 0.143191 0.0752555 0.0191558
3 0.657304 0.434435 0.11088 0.0507759 0.0166882
3 0.657592 0.470158 0.0971045 0.0767177 0.0124325
