8 0.111298 0.524535 0.130122 0.120212 0.882703
3 0.575412 0.475499 0.285537 0.0806626 0.817389
5 0.433309 0.538468 0.0889091 0.255354 0.350224
3 0.520136 0.510017 0.150508 0.0568594 0.2166
5 0.431566 0.504613 0.0788252 0.18042 0.0927689
5 0.641026 0.62358 0.115969 0.311676 0.04604
5 0.440103 0.640207 0.0950053 0.4486 0.0305823
5 0.644778 0.625173 0.117709 0.316275 0.0287771
5 0.663229 0.445495 0.0687525 0.063765 0.0183704
5 0.658998 0.441486 0.0647114 0.0678265 0.015759
5 0.647055 0.440195 0.0471641 0.0663739 0.0148268
5 0.435092 0.53185 0.0732785 0.225855 0.0119322
5 0.434763 0.639809 0.0943665 0.455981 0.0100643
