3 0.522114 0.446408 0.272133 0.100946 0.896461
3 0.248972 0.42591 0.149805 0.0659511 0.871471
8 0.734303 0.533114 0.0442546 0.033401 0.808567
8 0.0458924 0.632644 0.044541 0.0302381 0.779911
5 0.611892 0.542135 0.067099 0.190877 0.398406
5 0.415932 0.552838 0.0736158 0.324516 0.353336
5 0.416082 0.689492 0.0715287 0.528717 0.196646
5 0.413372 0.717665 0.0738596 0.525019 0.168659
5 0.612748 0.532584 0.0627901 0.163869 0.140858
5 0.429564 0.575518 0.044158 0.262204 0.087005
5 0.61129 0.539996 0.0642446 0.176712 0.0191153
5 0.427623 0.557756 0.0444088 0.219928 0.0139856
5 0.422986 0.574081 0.0437617 0.256978 0.0115389
