4 0.25835 0.644287 0.404362 0.341581 0.966646
4 0.708356 0.537817 0.326243 0.253705 0.966058
8 0.860239 0.937249 0.104838 0.0708684 0.897521
3 0.66229 0.587923 0.196073 0.0748923 0.875831
3 0.354297 0.6826 0.19194 0.0775724 0.873681
5 0.717484 0.697305 0.0781993 0.272231 0.426659
5 0.275702 0.742019 0.0424131 0.264791 0.171995
5 0.276229 0.724595 0.0382713 0.22188 0.168883
5 0.268775 0.754805 0.059002 0.280868 0.163304
5 0.721234 0.660741 0.0690229 0.191035 0.0726286
5 0.723083 0.643588 0.0670784 0.170157 0.0628169
5 0.421095 0.722563 0.0629247 0.196716 0.0453132
5 0.273416 0.752285 0.0537507 0.267838 0.0280826
5 0.42212 0.720183 0.0542062 0.188938 0.025179
5 0.422695 0.69847 0.050367 0.138755 0.0218691
5 0.717766 0.676123 0.0671942 0.192854 0.021328
5 0.713951 0.690398 0.0647441 0.20498 0.020148
5 0.724171 0.627919 0.0620211 0.141253 0.0156618
5 0.423253 0.669461 0.047687 0.0742247 0.0147963
5 0.57942 0.558763 0.0233481 0.0565248 0.0147176
