4 0.317111 0.754356 0.366764 0.341 0.963405
4 0.701984 0.626229 0.283234 0.262452 0.952334
8 0.977843 0.573684 0.0437777 0.069107 0.859088
3 0.370051 0.790418 0.198725 0.0967389 0.858425
8 0.948238 0.489655 0.0502505 0.0355484 0.828523
3 0.654137 0.685304 0.198609 0.0753045 0.604031
5 0.299743 0.859732 0.038964 0.216567 0.165752
5 0.299582 0.849575 0.0360061 0.189428 0.156845
5 0.443226 0.793977 0.0518579 0.151161 0.088215
5 0.443554 0.78896 0.0478097 0.13577 0.0603283
5 0.297828 0.846448 0.0380506 0.204901 0.0204712
