4 0.702882 0.599879 0.372147 0.272049 0.969294
4 0.273432 0.708059 0.209299 0.409498 0.956728
8 0.866896 0.925761 0.0991182 0.0833113 0.9055
3 0.629813 0.666457 0.203894 0.0799566 0.871638
3 0.299214 0.756496 0.195971 0.111782 0.831369
5 0.684028 0.738252 0.1003 0.225969 0.446158
5 0.519627 0.785059 0.0389252 0.129912 0.147669
5 0.367299 0.767643 0.0704617 0.179405 0.133019
5 0.516138 0.795706 0.0506122 0.154119 0.114163
5 0.513525 0.795703 0.0509596 0.153384 0.0532317
5 0.210423 0.796145 0.0532921 0.200956 0.0445071
5 0.211633 0.786132 0.0493089 0.204617 0.0361646
5 0.5097 0.807611 0.0648549 0.179495 0.031602
5 0.209274 0.797071 0.0646284 0.231869 0.0230961
5 0.52356 0.77289 0.0276855 0.0987534 0.0230748
5 0.369478 0.761732 0.0691512 0.166881 0.0188517
5 0.210078 0.74703 0.0622152 0.322092 0.0170874
5 0.66246 0.807216 0.145326 0.352343 0.0143292
5 0.514761 0.786137 0.0412466 0.130744 0.014023
5 0.687909 0.727934 0.0925103 0.202054 0.0132096
5 0.662052 0.804598 0.146048 0.353182 0.0118303
