4 0.312793 0.663725 0.422499 0.360021 0.981499
4 0.723965 0.532655 0.286317 0.287158 0.967857
8 0.946319 0.26573 0.0854262 0.0766561 0.896187
3 0.653504 0.574975 0.178902 0.0641431 0.885202
3 0.402033 0.703071 0.180429 0.0753374 0.873098
5 0.338184 0.769894 0.0338204 0.133614 0.436445
5 0.338465 0.782225 0.0358883 0.161912 0.321806
5 0.465833 0.670553 0.0421888 0.0828458 0.0238549
5 0.714685 0.619424 0.0460515 0.141917 0.0228693
5 0.33765 0.75858 0.0310364 0.110604 0.0224919
5 0.713724 0.634619 0.0485272 0.173552 0.0156977
5 0.340598 0.815809 0.041055 0.242003 0.0144852
