4 0.53379 0.469959 0.346228 0.356018 0.957589
3 0.55586 0.557005 0.541436 0.156628 0.876267
8 0.538403 0.0953769 0.110651 0.032216 0.812821
8 0.18013 0.903659 0.0710451 0.0388063 0.805746
5 0.631717 0.721853 0.106603 0.251124 0.240703
5 0.368463 0.786204 0.0620876 0.310466 0.192666
5 0.377547 0.773739 0.0402868 0.287326 0.122163
5 0.621828 0.720842 0.0759439 0.243061 0.0566932
5 0.352297 0.728665 0.0926614 0.397622 0.0536783
5 0.377174 0.785361 0.0416325 0.291674 0.0234098
5 0.354339 0.738793 0.0918454 0.402258 0.0110676
