3 0.629875 0.747531 0.319566 0.138241 0.885715
8 0.0407235 0.360132 0.0356845 0.0339618 0.760707
3 0.262878 0.665313 0.186629 0.0891904 0.654505
5 0.521488 0.82232 0.119403 0.338514 0.56179
5 0.767176 0.80736 0.0462026 0.212915 0.525989
8 0.0105001 0.771172 0.0210002 0.0176 0.213692
5 0.508646 0.763726 0.0873218 0.211293 0.113917
5 0.767537 0.812095 0.0476719 0.226808 0.0477729
8 0.00985206 0.763937 0.0197041 0.0356663 0.0449515
3 0.267284 0.652446 0.202294 0.109316 0.0260037
8 0.00937458 0.752403 0.0187492 0.0642234 0.0163801
