8 0.066705 0.912556 0.0837128 0.0657917 0.907617
3 0.562139 0.576484 0.18582 0.0860169 0.867251
5 0.64516 0.637496 0.050306 0.281969 0.543921
5 0.491837 0.622922 0.0916561 0.23327 0.207556
5 0.482386 0.587311 0.0662595 0.155819 0.116237
5 0.647826 0.634119 0.0451578 0.233726 0.048532
3 0.339925 0.546919 0.130214 0.0645009 0.023536
3 0.342159 0.536974 0.136755 0.0569308 0.0218747
3 0.339918 0.564413 0.107092 0.0520441 0.0210651
5 0.48396 0.602545 0.0712162 0.191032 0.0196487
5 0.481741 0.577485 0.0603501 0.122889 0.0131359
