8 0.112517 0.605486 0.135241 0.108688 0.91823
3 0.676626 0.504289 0.21568 0.0790225 0.887275
3 0.396553 0.460718 0.155902 0.0581446 0.862777
5 0.457969 0.49442 0.02796 0.100414 0.284245
5 0.336067 0.495873 0.0254758 0.0850471 0.258404
5 0.770904 0.486003 0.0220365 0.0790941 0.144578
5 0.33659 0.505209 0.0288121 0.107012 0.124411
5 0.45762 0.488895 0.0254198 0.08688 0.106072
5 0.771792 0.499504 0.0246514 0.108815 0.0742023
5 0.606347 0.551968 0.0720829 0.147975 0.0700149
5 0.771161 0.510809 0.0258704 0.131621 0.0665954
5 0.771919 0.491089 0.023995 0.0910563 0.0463729
5 0.605536 0.545229 0.063982 0.131021 0.02859
5 0.335509 0.485019 0.0235263 0.0654864 0.0261554
5 0.771188 0.528803 0.0283508 0.174225 0.0251278
5 0.608784 0.562837 0.0734259 0.152683 0.025015
5 0.458533 0.502259 0.0315661 0.120669 0.0246037
5 0.334174 0.495183 0.0196413 0.081896 0.0231457
