3 0.541613 0.574068 0.26885 0.0710223 0.874233
3 0.248592 0.526636 0.172434 0.0623859 0.848952
8 0.611007 0.950098 0.0627747 0.0359069 0.814955
5 0.189744 0.573628 0.0350566 0.103507 0.371902
5 0.439865 0.680133 0.0724362 0.253845 0.343333
5 0.440047 0.674033 0.0648344 0.222631 0.32446
5 0.439936 0.660675 0.0635476 0.207663 0.217797
5 0.192306 0.580584 0.0380018 0.120911 0.0851974
5 0.440332 0.644206 0.0597307 0.174132 0.0342363
5 0.670721 0.555106 0.040727 0.067705 0.0227529
5 0.668033 0.560563 0.0424407 0.0687593 0.0210869
5 0.439971 0.621418 0.0559335 0.122957 0.0109903
