8 0.215778 0.153842 0.140873 0.101219 0.917075
3 0.524737 0.558767 0.179167 0.0694769 0.848021
5 0.585058 0.654377 0.0733223 0.273996 0.356249
5 0.58651 0.668702 0.0575759 0.197021 0.33211
5 0.45657 0.595958 0.0351851 0.141147 0.315526
5 0.587623 0.662685 0.0504612 0.180059 0.288245
5 0.583403 0.681205 0.077347 0.323519 0.12359
5 0.454781 0.589369 0.0317545 0.125987 0.0649072
5 0.590548 0.630176 0.0479119 0.18837 0.0256966
5 0.585852 0.641304 0.0698966 0.252735 0.0107038
5 0.597777 0.551941 0.0405829 0.0661281 0.0102566
