8 0.911517 0.160425 0.0625698 0.0808928 0.899949
3 0.482138 0.642542 0.0871789 0.0603426 0.100734
3 0.388396 0.608229 0.132567 0.0888369 0.0780439
3 0.390671 0.61604 0.130468 0.0980569 0.0297651
3 0.481934 0.638478 0.0894918 0.0630631 0.0269263
3 0.669464 0.469623 0.0653766 0.0629227 0.0260138
3 0.402774 0.573207 0.180403 0.104628 0.0226069
3 0.48102 0.643745 0.0875065 0.0622576 0.0182108
3 0.399599 0.567123 0.176409 0.0947355 0.0153724
3 0.393003 0.627957 0.125212 0.0942159 0.0107626
3 0.386938 0.601329 0.135867 0.086506 0.0104795
