3 0.500949 0.471338 0.234184 0.097027 0.861777
8 0.760087 0.115759 0.0502874 0.0376551 0.810189
5 0.378215 0.597273 0.0722856 0.427628 0.402649
5 0.569339 0.534377 0.0946676 0.232963 0.178015
5 0.376169 0.614487 0.0790573 0.453814 0.116118
5 0.586567 0.458036 0.05629 0.09049 0.0655811
5 0.587644 0.449387 0.0525399 0.0768584 0.0454048
5 0.584422 0.465359 0.0601192 0.0964219 0.034134
5 0.378339 0.589937 0.0700065 0.411406 0.0193063
5 0.384233 0.523264 0.0451696 0.27397 0.0167585
5 0.582775 0.471509 0.0609982 0.0998744 0.0145823
5 0.588463 0.443168 0.047656 0.0677458 0.0139017
5 0.5694 0.553043 0.0852373 0.177765 0.012967
