8 0.11458 0.94671 0.128686 0.101082 0.907374
3 0.585212 0.592732 0.28539 0.0871032 0.880773
3 0.300677 0.561909 0.173902 0.053731 0.827012
5 0.36972 0.727985 0.0525977 0.335601 0.668007
5 0.475261 0.556975 0.0514727 0.0890539 0.602014
5 0.672993 0.718921 0.0670504 0.246962 0.49638
5 0.673418 0.710994 0.0580451 0.223971 0.331615
5 0.475186 0.558394 0.0553741 0.0928238 0.0398279
5 0.35992 0.700684 0.0392456 0.300636 0.0388891
5 0.359331 0.714075 0.0415913 0.308038 0.0318452
5 0.367703 0.70236 0.0353611 0.317529 0.0228262
5 0.672654 0.71579 0.0666323 0.242341 0.0172167
5 0.673559 0.700258 0.0577789 0.206881 0.0156727
5 0.47548 0.563794 0.0583612 0.0978742 0.0120844
5 0.361834 0.689338 0.0356005 0.265654 0.0100877
