8 0.271374 0.738908 0.0439443 0.0352803 0.829513
3 0.429757 0.460872 0.272698 0.0858378 0.787411
3 0.403129 0.397095 0.152603 0.0581499 0.520926
6 0.558248 0.571298 0.170477 0.483063 0.237355
7 0.615573 0.523377 0.291273 0.441027 0.130799
3 0.499703 0.448202 0.127834 0.0544706 0.0880839
3 0.500278 0.446992 0.124646 0.0532802 0.0817097
3 0.400967 0.391858 0.153668 0.0594584 0.0331349
7 0.625746 0.586246 0.322682 0.56865 0.0330601
3 0.403265 0.411702 0.155957 0.0506371 0.0166407
7 0.218282 0.344433 0.147289 0.255242 0.0100063
