8 0.0838333 0.435425 0.0832053 0.0685731 0.901822
3 0.477957 0.765457 0.211906 0.111088 0.883078
3 0.254267 0.690661 0.138359 0.0694525 0.860833
5 0.507452 0.868668 0.130664 0.208975 0.67124
5 0.378534 0.786094 0.0621912 0.232933 0.624344
5 0.238549 0.832534 0.115597 0.280115 0.282612
5 0.383969 0.77123 0.048321 0.19549 0.0499957
5 0.382771 0.774225 0.050944 0.203584 0.0306284
5 0.370298 0.818957 0.0827126 0.293851 0.023502
5 0.512892 0.860353 0.115843 0.183754 0.0175494
5 0.38136 0.78063 0.0531265 0.217571 0.0167553
