8 0.102172 0.0794205 0.118418 0.0960569 0.914793
3 0.504108 0.605071 0.321636 0.147907 0.878338
5 0.365668 0.769713 0.0428346 0.383671 0.567879
5 0.61932 0.670674 0.0826453 0.148813 0.417753
5 0.621126 0.664703 0.0778559 0.134078 0.0829147
5 0.37091 0.774852 0.0313384 0.326481 0.0668524
5 0.617862 0.650186 0.0923738 0.189853 0.0667181
5 0.603833 0.733943 0.109581 0.275586 0.0640306
5 0.602915 0.736342 0.115205 0.275733 0.0329329
5 0.418701 0.775353 0.0819776 0.369152 0.0261445
5 0.6139 0.664243 0.0970269 0.179878 0.0198166
5 0.366393 0.763276 0.0435522 0.392722 0.0119895
