8 0.831987 0.881353 0.0968083 0.0900884 0.915193
3 0.244882 0.600746 0.14944 0.0877591 0.880641
3 0.498189 0.604892 0.286065 0.144879 0.871279
5 0.573061 0.736384 0.136848 0.292822 0.806613
5 0.296196 0.657286 0.0503674 0.155231 0.665212
5 0.181388 0.639289 0.0177889 0.114789 0.166378
5 0.182261 0.648135 0.0199843 0.140348 0.130371
5 0.380577 0.706155 0.0392233 0.234809 0.0964672
5 0.2972 0.651158 0.046297 0.134625 0.0806436
5 0.389138 0.737083 0.0206905 0.185987 0.0511336
5 0.37388 0.631598 0.0270019 0.0761492 0.0486588
3 0.497637 0.605049 0.282873 0.142146 0.044541
5 0.388664 0.729361 0.0198819 0.177574 0.0350355
5 0.37926 0.698825 0.0387475 0.217805 0.0212345
5 0.372209 0.625465 0.0248477 0.0681522 0.0187955
5 0.562665 0.73613 0.097374 0.202593 0.0185136
5 0.180582 0.6278 0.0166011 0.0901106 0.0184339
5 0.182822 0.661884 0.0234079 0.169761 0.0178468
5 0.182041 0.677396 0.0265304 0.198727 0.0141846
5 0.37548 0.642295 0.0287653 0.10109 0.0102463
