3 0.561444 0.462689 0.273806 0.123835 0.894827
8 0.0274425 0.268366 0.0412931 0.0919146 0.811579
8 0.0617466 0.0977294 0.0286449 0.0340394 0.787786
5 0.667271 0.538872 0.0442072 0.192872 0.170735
5 0.668588 0.554813 0.0493681 0.227454 0.129017
5 0.665621 0.54727 0.0401992 0.188919 0.0716243
5 0.667527 0.53698 0.0460365 0.195669 0.0493552
5 0.663887 0.560431 0.0359809 0.169939 0.0208723
5 0.668107 0.531454 0.0460188 0.182654 0.0140013
5 0.660892 0.578302 0.0324244 0.184642 0.0106385
3 0.318343 0.481884 0.135959 0.0628704 0.0100181
