8 0.108557 0.894011 0.124371 0.0797023 0.918341
3 0.450005 0.59889 0.232264 0.112146 0.845031
3 0.761043 0.591725 0.135075 0.056614 0.83304
5 0.553837 0.659588 0.0967589 0.248662 0.514955
5 0.554485 0.653266 0.0966867 0.236734 0.212673
5 0.699539 0.720512 0.0410903 0.296296 0.0675029
5 0.708209 0.661991 0.0249483 0.187068 0.0419708
5 0.70877 0.641472 0.0224104 0.144193 0.0418567
5 0.554766 0.645919 0.090568 0.214678 0.0412008
5 0.55546 0.63533 0.0894643 0.19765 0.0390211
5 0.703231 0.689589 0.0319655 0.232232 0.0225551
5 0.354251 0.61062 0.032724 0.134622 0.0193892
5 0.704275 0.676029 0.0286912 0.206071 0.0182582
5 0.704897 0.660606 0.0263556 0.185606 0.0182396
5 0.701709 0.705769 0.0359568 0.262736 0.0146697
5 0.70744 0.679098 0.027815 0.211863 0.0131869
