8 0.873845 0.0449569 0.110469 0.0881892 0.911506
3 0.434521 0.520121 0.218792 0.0966796 0.842604
3 0.54068 0.523311 0.12445 0.0644587 0.144563
5 0.533455 0.573732 0.126909 0.242846 0.100188
5 0.540488 0.63145 0.13821 0.351797 0.0875529
5 0.534939 0.560899 0.126213 0.2242 0.0254683
3 0.539491 0.497298 0.136398 0.0762469 0.0240126
5 0.350018 0.505751 0.0347367 0.0687199 0.0210872
5 0.349732 0.500232 0.0314574 0.0726976 0.0185268
5 0.354796 0.500586 0.0408452 0.0730119 0.0137527
5 0.35681 0.506791 0.0495728 0.0805189 0.0111027
