3 0.463496 0.563069 0.206195 0.0954124 0.856562
8 0.192325 0.924466 0.0438188 0.0372359 0.830205
3 0.694506 0.565644 0.136674 0.0674532 0.437079
5 0.378307 0.627502 0.0454389 0.259115 0.427445
5 0.522846 0.658423 0.0817008 0.22677 0.414479
3 0.691907 0.5383 0.158038 0.0973452 0.0924805
5 0.378 0.617285 0.0408182 0.209546 0.0479361
5 0.520518 0.664822 0.0778462 0.222136 0.0256993
3 0.690775 0.533128 0.165098 0.105934 0.0200419
5 0.644348 0.638298 0.0208821 0.163779 0.0192288
5 0.522552 0.656222 0.0751577 0.216798 0.0174918
5 0.644305 0.657609 0.0233615 0.204976 0.0130623
5 0.639194 0.708553 0.03835 0.302259 0.0112948
3 0.693523 0.552069 0.146019 0.0824266 0.0103629
