8 0.651193 0.395016 0.129902 0.11158 0.936413
3 0.472798 0.607416 0.142498 0.0902852 0.879606
5 0.428958 0.623643 0.0554954 0.0964702 0.557683
5 0.430472 0.627513 0.0600552 0.10464 0.501529
5 0.466137 0.66687 0.136418 0.205531 0.200224
5 0.521173 0.636004 0.0693576 0.243729 0.0495481
5 0.516564 0.610842 0.0606992 0.200518 0.0220961
6 0.56427 0.644886 0.148111 0.280838 0.0216932
5 0.516072 0.572264 0.0471346 0.113779 0.0190726
5 0.515135 0.581406 0.0528761 0.123776 0.0143333
5 0.514192 0.56571 0.0430102 0.100134 0.0102367
