8 0.0929518 0.100757 0.131572 0.0845222 0.911284
3 0.555032 0.570602 0.239504 0.0815943 0.881294
3 0.376622 0.562237 0.176269 0.0689168 0.849701
5 0.433329 0.655981 0.127534 0.330179 0.677405
5 0.304063 0.597102 0.0266689 0.112266 0.233955
5 0.647308 0.59245 0.0490414 0.109224 0.065813
5 0.302795 0.586716 0.0245901 0.0913745 0.0613116
5 0.647246 0.590804 0.0545414 0.125496 0.04613
5 0.645423 0.596006 0.0558918 0.126285 0.0373679
5 0.305276 0.604567 0.0307456 0.13225 0.0322939
5 0.649121 0.58425 0.0430231 0.0937713 0.0235753
5 0.433761 0.69315 0.119392 0.399939 0.0199329
5 0.65204 0.54192 0.033038 0.070215 0.0167231
5 0.649375 0.585199 0.0477433 0.112947 0.014983
