8 0.780245 0.791996 0.0724648 0.0684598 0.860889
3 0.517117 0.445521 0.178183 0.0750038 0.846109
3 0.408491 0.41824 0.129581 0.0641906 0.804588
5 0.541262 0.533907 0.109702 0.160735 0.148143
5 0.446286 0.481343 0.0878153 0.241249 0.102602
5 0.534563 0.544933 0.126586 0.188141 0.0977514
5 0.445449 0.487892 0.0618573 0.205078 0.0684627
5 0.443716 0.488245 0.0569126 0.202248 0.0281523
5 0.453711 0.483058 0.0958574 0.236054 0.025687
5 0.443798 0.47708 0.0509641 0.16969 0.0176398
5 0.545738 0.52393 0.0962311 0.135603 0.017284
5 0.446834 0.475573 0.0568501 0.174049 0.0165431
