3 0.660268 0.639794 0.299464 0.139129 0.875027
3 0.310866 0.633893 0.207481 0.0983284 0.872788
5 0.784406 0.718436 0.0733915 0.40435 0.825911
8 0.0376311 0.461513 0.0434934 0.036159 0.805744
8 0.08311 0.180543 0.0346089 0.0355535 0.782293
5 0.415104 0.755245 0.0636057 0.390056 0.575166
5 0.240415 0.715371 0.078185 0.266576 0.387696
5 0.547892 0.683534 0.0750057 0.240005 0.249611
5 0.235015 0.697964 0.0597358 0.221706 0.183392
5 0.54498 0.673131 0.0643194 0.203569 0.169255
5 0.233239 0.684102 0.0550054 0.193092 0.0681964
5 0.411978 0.700575 0.0578589 0.283925 0.0552144
5 0.412124 0.670905 0.0457822 0.205462 0.0434722
