3 0.557029 0.541528 0.226164 0.0916122 0.885112
8 0.964482 0.868482 0.0710349 0.0737652 0.877022
3 0.30252 0.534047 0.163274 0.0783012 0.856387
5 0.370974 0.58642 0.0326039 0.19665 0.119341
5 0.369329 0.585294 0.0287551 0.184783 0.113403
5 0.648456 0.599071 0.0612928 0.278873 0.113057
5 0.467381 0.563178 0.0545555 0.138871 0.067092
5 0.641223 0.627955 0.0426047 0.180154 0.046751
5 0.641729 0.636908 0.045229 0.195713 0.045669
5 0.371465 0.576086 0.0293002 0.171899 0.0443304
5 0.39507 0.671424 0.0809077 0.360719 0.0438931
5 0.471893 0.579108 0.0682789 0.175077 0.0424015
5 0.369591 0.571427 0.0264336 0.143984 0.0419633
5 0.369022 0.596804 0.0298938 0.204653 0.0194866
5 0.238803 0.565355 0.0673864 0.17061 0.0183805
5 0.463628 0.551623 0.0434192 0.109689 0.0179346
5 0.642867 0.631806 0.0489106 0.208617 0.0140744
5 0.371335 0.595044 0.0334394 0.209017 0.0116083
5 0.643013 0.62062 0.0486018 0.215529 0.0104724
