8 0.964417 0.130954 0.068915 0.0664259 0.853835
3 0.43159 0.48682 0.234317 0.105025 0.833809
5 0.344169 0.573785 0.0760995 0.335989 0.552125
5 0.34 0.539145 0.0666293 0.238236 0.181856
3 0.691939 0.507916 0.153508 0.0691896 0.152215
5 0.334783 0.529086 0.0559035 0.24198 0.124037
5 0.505525 0.577767 0.0948082 0.268307 0.0745353
5 0.519486 0.549939 0.0696148 0.20021 0.0373244
5 0.520396 0.559382 0.0677816 0.222622 0.0369727
5 0.520364 0.52609 0.0677816 0.148984 0.0343214
5 0.508463 0.576371 0.0886969 0.26445 0.0260043
3 0.691815 0.516938 0.148608 0.0767144 0.0251631
5 0.516165 0.571205 0.0743689 0.238609 0.0223647
3 0.691208 0.50218 0.156986 0.0648483 0.0169831
5 0.63951 0.574651 0.0393103 0.193433 0.013472
