8 0.865529 0.107215 0.104264 0.0776803 0.916341
3 0.597995 0.559969 0.156711 0.085016 0.73967
5 0.634417 0.652779 0.0834277 0.33294 0.714901
3 0.537373 0.500086 0.176615 0.138688 0.68083
5 0.478795 0.451425 0.052896 0.105091 0.471471
5 0.573327 0.624951 0.109394 0.378671 0.289781
5 0.528949 0.600947 0.157437 0.390571 0.0382267
5 0.487862 0.519499 0.0828015 0.241228 0.0367532
5 0.479472 0.455986 0.0580404 0.108053 0.0238186
3 0.600086 0.561609 0.152818 0.0788503 0.0234751
5 0.527374 0.565523 0.158508 0.324105 0.0161998
5 0.590481 0.615026 0.114742 0.356942 0.0115342
