8 0.963315 0.0793984 0.072579 0.0787063 0.886319
3 0.499683 0.53468 0.23537 0.124011 0.857018
3 0.739679 0.559148 0.166233 0.117498 0.85337
5 0.401185 0.652831 0.084597 0.390203 0.841735
5 0.801984 0.644347 0.0622719 0.391217 0.817233
5 0.587038 0.476367 0.0577558 0.093618 0.601132
5 0.67999 0.567614 0.0454234 0.149804 0.178503
5 0.679807 0.580374 0.0465804 0.177044 0.164904
5 0.680701 0.59529 0.0520048 0.222744 0.0157008
5 0.679999 0.559586 0.0425208 0.125703 0.0121803
3 0.746907 0.318035 0.115303 0.0507687 0.0115076
