8 0.110674 0.899249 0.12925 0.0839677 0.883932
3 0.401769 0.458674 0.399336 0.0837737 0.859722
5 0.267466 0.522343 0.111286 0.175547 0.239857
5 0.568683 0.496073 0.0525738 0.123451 0.1855
5 0.570086 0.486628 0.0577751 0.160779 0.18485
5 0.569033 0.49782 0.0629441 0.165033 0.0639766
5 0.568352 0.503826 0.0559836 0.136343 0.056987
5 0.264977 0.511881 0.107364 0.150115 0.0399848
5 0.570011 0.489001 0.0481824 0.102138 0.0381461
5 0.26298 0.511484 0.109698 0.151693 0.0298684
5 0.263419 0.498294 0.0964516 0.11308 0.0267168
5 0.57199 0.482431 0.0517263 0.148444 0.0171666
