8 0.0552307 0.288141 0.0705998 0.138364 0.852109
8 0.801613 0.931729 0.0411642 0.0375157 0.793009
3 0.278194 0.456922 0.107611 0.0681008 0.592354
3 0.497941 0.549859 0.40337 0.137735 0.579458
5 0.372626 0.617988 0.106532 0.151901 0.542679
3 0.499419 0.550078 0.400817 0.131397 0.181974
5 0.671968 0.636461 0.0380758 0.217622 0.17463
5 0.67359 0.624979 0.0405619 0.219145 0.16298
5 0.376587 0.635748 0.106685 0.185303 0.0843091
8 0.0551446 0.340465 0.0703901 0.033387 0.081078
5 0.370189 0.609066 0.102576 0.124523 0.0710187
5 0.674121 0.628404 0.0488564 0.243102 0.0527903
5 0.391823 0.714195 0.167989 0.356017 0.0500152
5 0.672744 0.630593 0.0381977 0.231572 0.0224074
5 0.460999 0.724958 0.0873452 0.365655 0.0140162
