8 0.0417525 0.16504 0.0654232 0.0362701 0.868118
3 0.482597 0.537371 0.110337 0.0547396 0.643509
3 0.561168 0.64337 0.0918306 0.0527432 0.508577
3 0.479308 0.505349 0.112739 0.123034 0.21235
7 0.747134 0.624844 0.454737 0.399502 0.21036
7 0.715831 0.619204 0.40097 0.389037 0.0642378
4 0.517539 0.55849 0.206117 0.240137 0.0630734
3 0.517153 0.595205 0.102131 0.0394076 0.0429731
7 0.322035 0.465678 0.129105 0.237242 0.0400053
6 0.564178 0.565274 0.142956 0.246628 0.0337701
3 0.560425 0.630682 0.0929577 0.0793388 0.0192438
7 0.761757 0.628849 0.443279 0.377998 0.0181494
