3 0.393295 0.647315 0.230891 0.0766819 0.849389
8 0.0971862 0.0998827 0.0570263 0.036056 0.797878
8 0.0701437 0.0573379 0.0564498 0.017556 0.653237
5 0.287479 0.710117 0.066045 0.320732 0.651031
5 0.488874 0.668367 0.0974153 0.238161 0.258002
5 0.566506 0.643265 0.15587 0.285992 0.112571
5 0.284581 0.703721 0.0558595 0.25234 0.059794
5 0.527961 0.663767 0.137088 0.242342 0.0313486
5 0.287325 0.708309 0.065431 0.318305 0.0292569
5 0.52436 0.741851 0.156565 0.38553 0.0217124
5 0.501263 0.661078 0.097694 0.231291 0.0146524
5 0.55733 0.660775 0.0755529 0.207995 0.0104542
