3 0.495787 0.587163 0.218762 0.0885507 0.880666
8 0.0347109 0.260095 0.0376868 0.0342681 0.792853
5 0.410321 0.636553 0.0595998 0.270827 0.687454
8 0.0188719 0.405414 0.0257374 0.0153797 0.647587
5 0.590042 0.641486 0.0433333 0.249105 0.214583
5 0.585647 0.646031 0.0309268 0.257979 0.103614
5 0.584438 0.647785 0.0285553 0.200983 0.0619043
5 0.584055 0.659524 0.0294945 0.219501 0.0448433
5 0.584816 0.639502 0.0477399 0.246192 0.0326152
5 0.586698 0.638677 0.0331783 0.240761 0.0324756
5 0.406651 0.60697 0.0470819 0.20256 0.0270768
8 0.0348605 0.26035 0.0378739 0.0342284 0.0253177
5 0.411152 0.632164 0.0517188 0.238473 0.0243164
3 0.22605 0.467308 0.161855 0.0664176 0.0187282
5 0.588206 0.629767 0.0351193 0.218905 0.0168832
5 0.599675 0.554006 0.0172548 0.075448 0.0130507
5 0.408593 0.618078 0.0490492 0.224605 0.0128104
