3 0.44245 0.629583 0.231409 0.0926164 0.882639
8 0.937048 0.0535032 0.0458107 0.0365496 0.808108
3 0.731324 0.588534 0.168693 0.0867378 0.567865
5 0.533266 0.653094 0.0561946 0.154082 0.112738
5 0.528759 0.678878 0.0683059 0.219483 0.096842
5 0.53214 0.658355 0.0569746 0.158394 0.0365883
3 0.73313 0.599348 0.15954 0.0731895 0.0345709
5 0.527797 0.691127 0.0705018 0.236586 0.0250573
5 0.533373 0.652886 0.0512862 0.138903 0.0163006
5 0.523072 0.733036 0.0582904 0.225916 0.0156716
5 0.526607 0.725476 0.0765539 0.308055 0.0139418
