8 0.0642669 0.188276 0.102035 0.0609864 0.885147
3 0.453931 0.576619 0.227647 0.185916 0.498215
3 0.442753 0.517784 0.201677 0.0713435 0.175378
3 0.451414 0.579953 0.201426 0.437045 0.1396
3 0.443948 0.519603 0.207129 0.0745357 0.0839814
5 0.364285 0.498469 0.0415535 0.260193 0.0565089
5 0.376831 0.635081 0.0475062 0.260961 0.0402738
5 0.537378 0.648714 0.0494171 0.262687 0.0217048
5 0.375781 0.616429 0.048242 0.224489 0.0210085
3 0.4638 0.595346 0.195651 0.0632985 0.0134158
5 0.376683 0.605576 0.0475445 0.201741 0.0124814
3 0.461564 0.585704 0.202379 0.081378 0.0109873
5 0.535593 0.624731 0.0575213 0.343123 0.0100495
