3 0.551512 0.694682 0.191432 0.0897964 0.880446
3 0.353192 0.579189 0.148141 0.0904695 0.860922
8 0.229922 0.222075 0.0421189 0.0325535 0.784633
5 0.255375 0.643484 0.174102 0.501251 0.770285
8 0.173359 0.323365 0.0248649 0.0220916 0.44867
5 0.355413 0.738757 0.10517 0.269937 0.0952102
5 0.431154 0.468526 0.0279052 0.117122 0.0902461
5 0.277498 0.598454 0.135367 0.407061 0.0633849
8 0.171574 0.322657 0.0184149 0.0242911 0.0262994
5 0.62306 0.695303 0.0783205 0.182758 0.0175066
5 0.42465 0.720585 0.235836 0.336876 0.0165151
8 0.167879 0.323596 0.0326616 0.0228291 0.0126568
5 0.514702 0.615313 0.0622489 0.159579 0.0117408
5 0.431513 0.4745 0.0294944 0.129632 0.0107209
