8 0.0637559 0.406405 0.0923152 0.0632255 0.879451
3 0.513125 0.573037 0.212682 0.0772473 0.856674
3 0.227037 0.397949 0.10382 0.0601721 0.829526
3 0.29857 0.576284 0.194929 0.146684 0.821709
5 0.227396 0.707562 0.0574526 0.376283 0.673689
3 0.297358 0.581179 0.19061 0.135881 0.571709
4 0.665345 0.497125 0.487851 0.656463 0.531013
5 0.354968 0.609931 0.0775119 0.240111 0.266183
5 0.427433 0.536734 0.031754 0.091431 0.247322
5 0.583183 0.659749 0.0489532 0.18524 0.17533
4 0.661034 0.492839 0.50601 0.63152 0.154459
5 0.582991 0.686396 0.0558407 0.246666 0.133886
5 0.582384 0.674371 0.0509296 0.218491 0.118885
4 0.658469 0.491722 0.480135 0.643285 0.0814326
5 0.357473 0.597535 0.0637055 0.206461 0.0455536
5 0.365036 0.642789 0.0408662 0.163732 0.0388453
5 0.426237 0.534464 0.0256325 0.0862571 0.0300885
5 0.582972 0.644946 0.045699 0.155317 0.0208619
5 0.365389 0.635929 0.0383418 0.137287 0.0206308
5 0.365279 0.64458 0.0394884 0.163659 0.0180436
5 0.228444 0.703085 0.0529054 0.213222 0.0140425
5 0.359567 0.599958 0.0596389 0.210114 0.0133283
