3 0.198274 0.426807 0.111926 0.0550742 0.884745
8 0.0629803 0.918735 0.0714077 0.0610509 0.877097
3 0.273869 0.551445 0.154357 0.0552432 0.876307
3 0.564269 0.622459 0.278745 0.0880108 0.841714
5 0.473672 0.734741 0.112455 0.407854 0.801241
5 0.687294 0.656419 0.061613 0.289094 0.702014
5 0.439676 0.592913 0.0370041 0.11327 0.0475956
5 0.446072 0.618571 0.0586314 0.169826 0.0386303
5 0.679295 0.67309 0.0486079 0.246016 0.0363893
5 0.440812 0.600834 0.0430837 0.131752 0.0316423
5 0.443185 0.60937 0.0503552 0.149548 0.0202991
5 0.439411 0.585797 0.0318333 0.0971815 0.0168135
5 0.689156 0.719457 0.0544173 0.407205 0.0161959
