8 0.901708 0.447997 0.0791701 0.0763435 0.884051
3 0.408281 0.539319 0.198845 0.0820663 0.86814
3 0.678302 0.534219 0.135003 0.051285 0.860102
5 0.458564 0.67279 0.0777791 0.2518 0.186288
5 0.323746 0.567238 0.0278762 0.156936 0.0585516
5 0.464274 0.639078 0.0645825 0.187827 0.0298438
5 0.732639 0.582046 0.0374132 0.184637 0.0270392
5 0.322697 0.555341 0.0248254 0.128294 0.0211064
5 0.72682 0.598815 0.033331 0.210449 0.0174244
5 0.467077 0.621646 0.0581556 0.152287 0.0147194
5 0.73024 0.600605 0.0382039 0.222356 0.011818
