8 0.939734 0.910759 0.120532 0.138452 0.93492
3 0.572366 0.373111 0.2518 0.101897 0.875423
5 0.465793 0.446183 0.037202 0.251636 0.173188
5 0.651173 0.453037 0.0565528 0.120726 0.150246
5 0.466027 0.440604 0.0402835 0.238645 0.121786
5 0.652255 0.446996 0.0513027 0.10635 0.0678878
5 0.653202 0.448094 0.0543819 0.112169 0.0607634
5 0.654383 0.440689 0.0496465 0.0972333 0.0318071
3 0.317162 0.356045 0.152541 0.0587609 0.0247173
5 0.464842 0.429915 0.033823 0.215592 0.0223775
5 0.693641 0.352931 0.0263563 0.0743622 0.0126966
