8 0.0774764 0.845567 0.141677 0.124574 0.931762
3 0.396935 0.602236 0.170869 0.0630141 0.863511
3 0.561257 0.54515 0.198024 0.0900554 0.830247
5 0.483307 0.587288 0.0724083 0.316781 0.813562
5 0.338783 0.591364 0.0723465 0.288606 0.742049
5 0.638615 0.594441 0.0696277 0.253278 0.633963
5 0.640965 0.586013 0.0616953 0.236293 0.128456
5 0.316481 0.704199 0.121793 0.531654 0.106701
5 0.335245 0.595499 0.0615793 0.244777 0.0318364
5 0.482874 0.618244 0.0668598 0.22809 0.0293899
5 0.6409 0.594279 0.0703713 0.25457 0.016679
5 0.313453 0.714197 0.127214 0.553038 0.0117443
