8 0.0668679 0.806549 0.129018 0.120706 0.921628
3 0.634439 0.516788 0.251533 0.114229 0.85465
5 0.384105 0.644141 0.0600232 0.393867 0.801963
5 0.532693 0.534223 0.0796378 0.240455 0.773588
5 0.732282 0.623712 0.0512137 0.317087 0.722764
3 0.302297 0.576323 0.175599 0.0797661 0.690528
5 0.229029 0.554807 0.0444063 0.259609 0.687929
5 0.229015 0.566343 0.0461823 0.240713 0.521804
5 0.531414 0.533626 0.0685558 0.223448 0.0978825
5 0.729157 0.638278 0.0424246 0.278566 0.0853568
5 0.37788 0.591887 0.0468466 0.276704 0.0124389
