8 0.0925644 0.14729 0.0465671 0.0328105 0.810326
8 0.0196594 0.0615206 0.0393189 0.066755 0.36224
8 0.0205434 0.0671034 0.0410868 0.0529039 0.0935579
8 0.018633 0.0552665 0.037266 0.0784053 0.0676639
8 0.02059 0.0859018 0.0411799 0.0150685 0.0593505
8 0.0209121 0.0876669 0.0418243 0.0144075 0.0300714
8 0.0204378 0.0859387 0.0408756 0.0147778 0.0251641
7 0.201705 0.349419 0.150333 0.251805 0.0218204
3 0.349085 0.380336 0.281289 0.052885 0.0157526
8 0.0200789 0.0877808 0.0401579 0.0144361 0.0157401
