8 0.0397616 0.211537 0.0795232 0.091871 0.864125
4 0.275067 0.452252 0.347866 0.636449 0.609175
5 0.484917 0.611032 0.0801591 0.13168 0.425339
3 0.372781 0.547455 0.341268 0.181162 0.213325
3 0.375856 0.555283 0.329821 0.162376 0.179301
3 0.366106 0.521362 0.376909 0.207961 0.177646
4 0.301973 0.446398 0.411518 0.625893 0.165243
4 0.27307 0.446203 0.412298 0.631979 0.126576
5 0.48803 0.612991 0.0753168 0.139014 0.0794716
3 0.36592 0.515967 0.38161 0.193881 0.0436359
3 0.367239 0.527122 0.369735 0.214382 0.0433782
5 0.219431 0.564711 0.0619309 0.194877 0.0370716
5 0.485738 0.608951 0.0722168 0.118514 0.0230882
5 0.489313 0.609401 0.0698083 0.128376 0.011258
