8 0.113229 0.981552 0.0969302 0.036897 0.841919
8 0.0369731 0.0865569 0.0450227 0.0338176 0.761894
3 0.446299 0.583919 0.284482 0.102467 0.263934
7 0.268963 0.32669 0.230667 0.251222 0.24731
6 0.742376 0.610606 0.171914 0.405395 0.245022
3 0.445241 0.559903 0.321684 0.13445 0.175567
7 0.256683 0.569614 0.17833 0.331765 0.156071
3 0.444331 0.568984 0.308957 0.120229 0.0550853
3 0.447327 0.587398 0.2803 0.0970825 0.0541773
3 0.445371 0.577524 0.293274 0.108769 0.0427752
3 0.446415 0.551936 0.33183 0.147025 0.0319714
7 0.815978 0.647143 0.305041 0.534186 0.0265455
7 0.801323 0.643051 0.300265 0.518327 0.0166505
7 0.798583 0.636594 0.294425 0.501149 0.0136751
7 0.267162 0.453716 0.221059 0.489644 0.010329
