4 0.656935 0.424482 0.656323 0.607334 0.801444
8 0.035629 0.197229 0.0322373 0.0340455 0.76588
4 0.657086 0.423582 0.662061 0.598192 0.676847
8 0.0283913 0.370766 0.0563237 0.0199969 0.601259
3 0.173007 0.358268 0.112304 0.0799744 0.60102
3 0.548333 0.499748 0.390707 0.16014 0.421318
3 0.532991 0.501409 0.389063 0.1566 0.265993
5 0.648356 0.682242 0.182313 0.444011 0.236314
3 0.535592 0.500258 0.406338 0.159512 0.226345
5 0.640577 0.697957 0.162746 0.449702 0.221193
3 0.525774 0.503182 0.355974 0.156036 0.13645
8 0.0284537 0.359384 0.0569074 0.0428163 0.0699848
8 0.0281648 0.33679 0.0563296 0.0885112 0.0650954
5 0.594987 0.737057 0.0731068 0.379322 0.0369042
8 0.0283359 0.344413 0.0566718 0.0717873 0.0235279
3 0.524124 0.507751 0.352921 0.165528 0.0181732
