4 0.371381 0.557257 0.450883 0.551336 0.929992
8 0.036496 0.086337 0.046767 0.0335026 0.805166
3 0.510456 0.632385 0.38101 0.169509 0.375058
5 0.594579 0.712647 0.0985787 0.123292 0.154761
5 0.605267 0.701955 0.108859 0.121446 0.0857748
5 0.591115 0.705866 0.0797152 0.0908715 0.0454954
3 0.522444 0.619976 0.413776 0.181618 0.0368274
5 0.607552 0.693841 0.0946378 0.104793 0.0159151
3 0.520525 0.625726 0.406663 0.192153 0.0120954
5 0.596275 0.724612 0.109159 0.154256 0.012043
5 0.609502 0.724531 0.128909 0.198167 0.0111433
