8 0.0908634 0.405923 0.0658197 0.0666614 0.903611
5 0.705218 0.713156 0.139229 0.337028 0.858988
3 0.611614 0.627147 0.312895 0.208601 0.460349
3 0.287157 0.469113 0.102213 0.0576417 0.22302
5 0.491382 0.713374 0.0223955 0.145458 0.1189
3 0.602397 0.622946 0.304622 0.208853 0.115385
3 0.612099 0.564016 0.321949 0.105755 0.109566
3 0.611018 0.571867 0.320645 0.121221 0.0844116
5 0.492146 0.722408 0.0241833 0.160337 0.0736099
3 0.604392 0.611917 0.31244 0.199874 0.0549399
5 0.490481 0.70527 0.021399 0.124787 0.0300683
