8 0.0361221 0.0871513 0.0458837 0.0323816 0.83058
8 0.0193495 0.925632 0.038699 0.0639514 0.2459
8 0.0197861 0.949023 0.0395721 0.0156539 0.102885
8 0.0200834 0.950807 0.0401669 0.0141778 0.0676714
8 0.0225114 0.971828 0.0450228 0.0543855 0.0649059
8 0.0199783 0.933192 0.0399566 0.0470419 0.0522212
8 0.0188859 0.919372 0.0377718 0.0797962 0.0298765
8 0.0200431 0.973209 0.0400862 0.052767 0.0248976
8 0.019491 0.951046 0.0389819 0.0146276 0.0161279
8 0.0196925 0.948736 0.0393851 0.0159428 0.0118048
3 0.684761 0.222376 0.192739 0.049148 0.0106724
