8 0.940481 0.542176 0.119038 0.081219 0.917991
3 0.669406 0.500564 0.184416 0.0712042 0.854804
3 0.423833 0.620868 0.258617 0.11944 0.848791
5 0.521558 0.687019 0.115037 0.390284 0.727888
5 0.282206 0.66501 0.141198 0.41572 0.417815
5 0.74686 0.522568 0.0362585 0.106104 0.388934
5 0.281664 0.672702 0.1434 0.420815 0.167864
5 0.332271 0.746494 0.0453375 0.244947 0.161868
5 0.334757 0.755618 0.0411945 0.250797 0.130879
5 0.332881 0.752022 0.0484624 0.263801 0.0627256
5 0.33207 0.735841 0.0442801 0.226987 0.0479391
5 0.273662 0.560965 0.0950042 0.144191 0.0194589
5 0.747862 0.534698 0.0406351 0.129872 0.0138801
