8 0.769593 0.961756 0.154016 0.0747396 0.919747
5 0.483752 0.581049 0.151531 0.394543 0.878344
3 0.721405 0.400147 0.20513 0.079823 0.877993
3 0.413294 0.491668 0.244357 0.0833175 0.861836
5 0.797202 0.430476 0.046826 0.111974 0.485778
5 0.308629 0.618908 0.0693461 0.244134 0.440411
5 0.308269 0.606395 0.057274 0.216785 0.230024
0 0.339979 0.434069 0.153701 0.206487 0.0983352
5 0.297858 0.62652 0.051805 0.228423 0.0753101
5 0.316046 0.571748 0.0453166 0.158306 0.0260966
5 0.628728 0.633883 0.0850108 0.460888 0.023106
5 0.629575 0.628559 0.083067 0.447854 0.0174685
3 0.806952 0.313385 0.102125 0.0397736 0.0172251
5 0.315492 0.586821 0.0510193 0.186088 0.0118036
