8 0.912623 0.512632 0.133273 0.0861036 0.917478
3 0.539571 0.566382 0.202475 0.0929261 0.774491
5 0.457151 0.549862 0.0771098 0.275899 0.660334
5 0.622151 0.507097 0.0477607 0.170999 0.171295
5 0.613884 0.701308 0.0356039 0.261195 0.114045
5 0.457087 0.600359 0.0807714 0.380247 0.0938147
5 0.454653 0.524412 0.0693589 0.226702 0.0475866
5 0.617462 0.733029 0.0529153 0.33901 0.0325331
5 0.61571 0.618033 0.0364295 0.0875267 0.0202097
5 0.616094 0.636516 0.0383901 0.124721 0.0200468
5 0.615826 0.579118 0.0488563 0.144873 0.0160124
5 0.456661 0.603466 0.0797709 0.391462 0.0144565
5 0.619451 0.614376 0.0500345 0.376451 0.0133917
5 0.622895 0.504324 0.043971 0.160859 0.0131903
5 0.622931 0.530739 0.044854 0.226239 0.0112215
5 0.456785 0.545984 0.0765408 0.273655 0.0102263
