3 0.554506 0.532895 0.249694 0.184038 0.814275
8 0.0807066 0.105232 0.0336916 0.0338047 0.795748
5 0.462631 0.599773 0.0652984 0.241489 0.786578
8 0.0694428 0.277587 0.0661652 0.0273047 0.715887
3 0.25979 0.558243 0.171676 0.125675 0.591248
3 0.260009 0.542161 0.169083 0.0970634 0.567437
5 0.319645 0.608855 0.0618947 0.239815 0.221011
5 0.644515 0.615877 0.0569257 0.163362 0.138119
5 0.172451 0.682134 0.0359489 0.324894 0.107079
5 0.463649 0.588827 0.0564118 0.211319 0.09671
5 0.645322 0.605919 0.0538325 0.144761 0.0830588
5 0.657164 0.583395 0.0823857 0.242456 0.0668521
5 0.321207 0.598913 0.0490681 0.209989 0.0642939
5 0.65826 0.580255 0.0818144 0.237712 0.0602511
5 0.318024 0.619433 0.0668382 0.261739 0.0482124
5 0.16795 0.719259 0.0503538 0.403165 0.0391086
5 0.180785 0.658175 0.0267869 0.286182 0.0283871
5 0.31224 0.660254 0.0788452 0.346324 0.0236025
5 0.461446 0.586535 0.0560521 0.207802 0.0192557
5 0.176691 0.711505 0.0347581 0.2832 0.0187887
8 0.0699753 0.253766 0.0667526 0.0758224 0.014555
5 0.177364 0.688557 0.030849 0.268382 0.0125698
5 0.679752 0.51581 0.0359229 0.108027 0.0109005
5 0.177967 0.655197 0.0268852 0.270962 0.0107825
8 0.069995 0.262222 0.068045 0.0601195 0.0102856
