3 0.473916 0.466621 0.282536 0.093947 0.877343
8 0.0399974 0.151495 0.0799948 0.0184547 0.682217
8 0.0413038 0.0859321 0.0518261 0.0348327 0.572682
5 0.385319 0.534841 0.0786823 0.19292 0.456426
5 0.383897 0.533436 0.0890366 0.207355 0.199397
5 0.382885 0.523543 0.0777157 0.178913 0.111088
8 0.0408788 0.112425 0.0817576 0.1021 0.0793878
5 0.578745 0.515991 0.0588149 0.140349 0.0434342
5 0.381963 0.607102 0.0934333 0.341824 0.0278584
8 0.0402498 0.150829 0.0804995 0.0187776 0.0242625
8 0.0411625 0.133693 0.0823251 0.0567368 0.0229541
5 0.383398 0.593017 0.0915296 0.321086 0.0157057
8 0.0412465 0.0857052 0.0520851 0.0351009 0.0108817
5 0.575512 0.524275 0.0677317 0.160489 0.0102416
