5 0.677616 0.586406 0.105325 0.286062 0.822253
8 0.105513 0.066532 0.0411048 0.0342162 0.790493
5 0.474839 0.614452 0.0879701 0.237617 0.781006
3 0.567016 0.540251 0.237495 0.112767 0.718621
8 0.0323725 0.0903884 0.0547821 0.0156777 0.612145
3 0.250828 0.379792 0.0947017 0.0515571 0.128076
5 0.472996 0.598079 0.0764119 0.199263 0.091834
3 0.304116 0.503711 0.14805 0.0624477 0.0576894
3 0.305557 0.497425 0.152137 0.0671813 0.0452415
3 0.307076 0.486528 0.160381 0.0753102 0.032564
8 0.0322152 0.087348 0.0556849 0.0211951 0.0234016
8 0.0312771 0.0657712 0.0564454 0.0614641 0.0171644
