8 0.875108 0.289765 0.119793 0.0925581 0.920063
3 0.563521 0.548158 0.215332 0.121029 0.87629
5 0.660979 0.639518 0.0770787 0.267888 0.420119
5 0.657274 0.610758 0.0737748 0.287611 0.205103
5 0.510137 0.63688 0.111494 0.293046 0.192773
5 0.65779 0.641034 0.0644755 0.201237 0.0790771
5 0.659991 0.649206 0.0660105 0.213172 0.0700006
5 0.662004 0.656733 0.0822153 0.272841 0.0461769
5 0.480723 0.593455 0.0541132 0.200604 0.0309645
5 0.655919 0.623256 0.0559777 0.143686 0.0197418
5 0.478558 0.578438 0.0481985 0.17189 0.0148325
