8 0.0698421 0.231805 0.0901633 0.0584993 0.898664
4 0.327253 0.66483 0.12976 0.653696 0.608001
6 0.479951 0.478701 0.138822 0.418538 0.524568
4 0.389679 0.756069 0.0402756 0.476901 0.444797
4 0.388795 0.704584 0.0434361 0.495082 0.322984
0 0.354661 0.330513 0.228738 0.0491351 0.159341
4 0.30713 0.752333 0.0953416 0.476485 0.0967677
0 0.356339 0.330855 0.230229 0.050172 0.0643233
0 0.348885 0.331189 0.219917 0.0487478 0.0323202
4 0.390316 0.663798 0.0346871 0.314624 0.0254466
4 0.389976 0.653804 0.0353832 0.301204 0.0242931
4 0.389929 0.652659 0.0350317 0.267897 0.0238885
4 0.387999 0.653191 0.033171 0.299694 0.017052
4 0.342229 0.636971 0.106794 0.580844 0.0140418
4 0.333295 0.648609 0.121419 0.612108 0.0139342
3 0.359698 0.314387 0.247328 0.0643536 0.0135144
