3 0.208715 0.702503 0.133664 0.0762728 0.858481
3 0.502425 0.762569 0.210222 0.11439 0.845306
5 0.562642 0.834717 0.126666 0.265354 0.796901
5 0.416993 0.729385 0.058167 0.191795 0.51615
5 0.262094 0.773211 0.0677642 0.281017 0.474415
8 0.0933207 0.188826 0.0391501 0.0362004 0.464926
8 0.0930943 0.188613 0.0385085 0.0350524 0.27929
5 0.153396 0.729894 0.030603 0.168578 0.211591
8 0.0373879 0.614174 0.0153132 0.0138016 0.145056
8 0.0397679 0.614061 0.0188339 0.0177092 0.0841272
5 0.15199 0.74071 0.0343772 0.194645 0.063148
5 0.26128 0.735414 0.0478128 0.197045 0.0577974
8 0.0359578 0.614058 0.0185448 0.0179597 0.0518623
5 0.414858 0.733682 0.0623951 0.204941 0.0249009
8 0.0358697 0.613155 0.0191391 0.0185958 0.0141048
5 0.263804 0.711296 0.0447837 0.150316 0.0118995
5 0.153924 0.720922 0.0267484 0.132884 0.011117
8 0.0950015 0.194659 0.0407152 0.0276656 0.0110901
