8 0.867067 0.223381 0.0923784 0.0963031 0.919418
3 0.610486 0.617646 0.141238 0.120391 0.857083
5 0.551803 0.682079 0.107649 0.266514 0.56769
5 0.66136 0.65327 0.0436021 0.252056 0.0618349
5 0.564203 0.657588 0.067197 0.193173 0.0329579
3 0.739365 0.506038 0.101316 0.0949812 0.0273252
3 0.735656 0.494272 0.106213 0.0894279 0.0257829
5 0.663185 0.647709 0.0376161 0.233106 0.0237458
5 0.558213 0.664307 0.0833378 0.218369 0.0187759
3 0.733981 0.485781 0.107168 0.0785936 0.0174717
5 0.578988 0.722212 0.0501393 0.187944 0.0155756
3 0.744757 0.531194 0.0906556 0.0818895 0.0120358
3 0.733532 0.477996 0.106415 0.0662006 0.0104301
