8 0.908599 0.328833 0.112119 0.0953469 0.921902
3 0.53144 0.517474 0.204877 0.11478 0.835937
5 0.429639 0.538944 0.110784 0.316931 0.778244
3 0.754646 0.43594 0.140106 0.0906931 0.759203
5 0.601136 0.548531 0.0685514 0.243385 0.437831
5 0.801048 0.551887 0.0461692 0.294497 0.271453
5 0.804814 0.521959 0.0438832 0.238778 0.0474784
5 0.802962 0.52134 0.0395105 0.222011 0.0328929
5 0.447014 0.558398 0.0599808 0.224566 0.03151
5 0.804769 0.481701 0.0310272 0.146209 0.0285823
5 0.806243 0.489265 0.037086 0.179499 0.0263976
5 0.803396 0.502794 0.0373435 0.195834 0.0251533
5 0.600619 0.548379 0.0679381 0.241909 0.0211642
5 0.808969 0.471265 0.0293477 0.138132 0.0163788
5 0.802371 0.533712 0.0396153 0.242899 0.0161204
5 0.804816 0.506974 0.0424359 0.214366 0.0139479
5 0.606524 0.542242 0.0556132 0.211953 0.013751
5 0.805128 0.534243 0.0449656 0.264831 0.0116641
5 0.806815 0.468748 0.0238673 0.111646 0.0107861
