8 0.871426 0.364983 0.150149 0.0961168 0.916267
5 0.447053 0.658233 0.254328 0.525417 0.868559
3 0.314335 0.489781 0.233248 0.0913927 0.857716
3 0.506803 0.444299 0.162993 0.0618856 0.0508164
3 0.50603 0.436382 0.165615 0.0556069 0.026356
5 0.266868 0.449649 0.0791359 0.0679057 0.0152075
5 0.259281 0.458127 0.0864748 0.0746673 0.0145176
3 0.508103 0.452323 0.158323 0.0693921 0.0123902
5 0.571142 0.492528 0.036457 0.212627 0.0123061
5 0.566832 0.50862 0.0305497 0.203479 0.0116919
5 0.563337 0.604197 0.0407854 0.395605 0.0112852
5 0.567106 0.502134 0.0307523 0.210956 0.0106644
