8 0.0544142 0.082473 0.107995 0.122303 0.905008
3 0.518411 0.682382 0.232798 0.149287 0.859061
3 0.295978 0.609822 0.142641 0.0564962 0.638875
5 0.610794 0.707634 0.0454069 0.196224 0.455599
5 0.452396 0.844758 0.0428975 0.238462 0.181508
5 0.60836 0.723679 0.0536678 0.234054 0.157021
5 0.440978 0.800548 0.0655481 0.326163 0.10309
5 0.444685 0.842382 0.0564203 0.263617 0.0629072
5 0.451 0.828748 0.0442324 0.213906 0.0600142
5 0.447107 0.849059 0.0524034 0.260548 0.0524213
3 0.282365 0.680138 0.117149 0.082551 0.0200487
