3 0.45621 0.568704 0.219359 0.11533 0.862151
8 0.938251 0.424041 0.0497222 0.0991379 0.853563
8 0.879413 0.536925 0.0498532 0.0347384 0.825278
3 0.596857 0.51849 0.15639 0.102215 0.670203
5 0.404492 0.734569 0.113465 0.364191 0.196122
7 0.286967 0.640774 0.302973 0.553892 0.192818
5 0.395379 0.688585 0.092239 0.317707 0.135929
5 0.558449 0.553049 0.138641 0.206482 0.0481539
5 0.387962 0.69737 0.0733557 0.228597 0.0463937
3 0.45512 0.569007 0.216122 0.114858 0.0289528
5 0.55125 0.615434 0.144722 0.330865 0.0173858
5 0.390923 0.643515 0.0864614 0.330171 0.014021
5 0.551764 0.590414 0.143038 0.280716 0.0119109
5 0.572172 0.546825 0.0972313 0.18328 0.0111794
