3 0.374821 0.620892 0.21127 0.150339 0.881119
3 0.651183 0.584592 0.150406 0.0918819 0.861404
8 0.874262 0.364035 0.0350845 0.0341525 0.825854
5 0.28655 0.673408 0.0395817 0.345923 0.590663
5 0.451426 0.665331 0.0878848 0.294208 0.558384
5 0.582637 0.754166 0.0481923 0.329357 0.136341
5 0.286467 0.649936 0.0325818 0.241537 0.0800407
5 0.286305 0.677316 0.0389995 0.354507 0.0361099
5 0.285538 0.633701 0.0312331 0.224065 0.021392
5 0.594712 0.68192 0.0218108 0.189789 0.0185993
5 0.592899 0.684944 0.0197427 0.192937 0.0116392
