3 0.519647 0.408192 0.168619 0.0834099 0.869016
8 0.874298 0.871881 0.06522 0.0345612 0.82828
3 0.564666 0.370638 0.138554 0.0551865 0.716431
6 0.389817 0.448904 0.232974 0.348244 0.704879
8 0.985452 0.768517 0.0271123 0.0654697 0.115547
8 0.985333 0.768623 0.0267058 0.0631644 0.0647159
8 0.978831 0.768661 0.0351344 0.0663247 0.0486102
7 0.301879 0.432323 0.298888 0.366864 0.0196778
7 0.347186 0.455918 0.307754 0.403288 0.0183248
8 0.979054 0.769046 0.0344509 0.0657648 0.0176418
8 0.985646 0.768097 0.0276003 0.0663595 0.0146964
