3 0.551584 0.444481 0.214434 0.108602 0.862885
8 0.0557052 0.919738 0.0935486 0.0538466 0.849778
3 0.325555 0.401687 0.132423 0.0808541 0.835091
5 0.638282 0.439796 0.0440415 0.197449 0.75441
5 0.636897 0.438326 0.0466596 0.215696 0.399941
5 0.311162 0.640391 0.0969249 0.514611 0.273351
5 0.314427 0.648302 0.102642 0.528756 0.1951
5 0.390582 0.453743 0.0517172 0.157594 0.0504836
5 0.388486 0.440823 0.0428534 0.143441 0.0498449
5 0.450614 0.390845 0.0262783 0.0917148 0.0478544
5 0.46978 0.469994 0.07067 0.250051 0.0339703
5 0.302701 0.581954 0.0803777 0.418943 0.0323179
5 0.468758 0.45791 0.06777 0.230952 0.0268998
5 0.391984 0.463952 0.0555979 0.170865 0.0107744
