3 0.372645 0.512743 0.275406 0.131496 0.876111
8 0.0467491 0.501706 0.0675147 0.0888979 0.832812
8 0.0302635 0.0863241 0.040813 0.0355569 0.774193
5 0.479478 0.583734 0.141969 0.306485 0.562621
3 0.456629 0.533168 0.148491 0.0785755 0.406458
5 0.536627 0.623661 0.0999356 0.385702 0.145055
5 0.531075 0.621121 0.0900371 0.384004 0.0223086
7 0.242275 0.354433 0.211931 0.380924 0.0131659
5 0.456618 0.680732 0.107134 0.501042 0.0122672
5 0.456544 0.572652 0.106333 0.248157 0.0117677
5 0.53837 0.62451 0.0605869 0.297493 0.0100589
