4 0.494613 0.537421 0.530444 0.404662 0.967557
3 0.410598 0.594576 0.190804 0.0977127 0.916135
5 0.471105 0.711018 0.125431 0.305974 0.892837
5 0.261246 0.599019 0.0569874 0.139149 0.80922
3 0.222314 0.565568 0.136891 0.087049 0.809027
5 0.185873 0.523527 0.0427082 0.0979945 0.755989
8 0.184004 0.228741 0.0318284 0.0343914 0.690567
8 0.18392 0.228737 0.0321801 0.0341383 0.0867957
4 0.585317 0.586634 0.348092 0.507263 0.022979
5 0.187564 0.521558 0.0372286 0.0933163 0.0117943
5 0.338248 0.556892 0.0338524 0.0732727 0.0114989
