3 0.463129 0.669652 0.197307 0.0792882 0.874288
8 0.0785347 0.4249 0.0374215 0.0353525 0.796685
5 0.530346 0.784964 0.0547183 0.247879 0.749139
3 0.286247 0.673012 0.131343 0.0734733 0.679309
3 0.296882 0.668939 0.10902 0.0649152 0.632318
8 0.0491867 0.389122 0.0426189 0.0162497 0.308626
5 0.331494 0.720926 0.0331151 0.143737 0.2355
8 0.0491313 0.385579 0.0437645 0.0223236 0.192286
5 0.330677 0.742281 0.0350458 0.184856 0.191962
5 0.530284 0.768203 0.0499154 0.208607 0.156751
5 0.330669 0.757158 0.0355007 0.193182 0.0867132
5 0.33041 0.768817 0.0362865 0.208973 0.0739673
8 0.0493847 0.372274 0.0460654 0.0488372 0.0392511
5 0.33175 0.759721 0.040088 0.224681 0.0386212
3 0.283209 0.687137 0.129421 0.0893685 0.0345275
3 0.285148 0.676486 0.13177 0.0719716 0.0331871
5 0.248285 0.712857 0.0551418 0.187591 0.0316862
8 0.0492917 0.361185 0.0448235 0.0728993 0.0267357
5 0.329646 0.777646 0.0371732 0.22644 0.0266544
5 0.528894 0.790951 0.0498099 0.250774 0.0145095
5 0.332946 0.701829 0.0296537 0.099817 0.0134176
