8 0.134804 0.174257 0.0678632 0.0715036 0.879664
3 0.530945 0.583406 0.169962 0.0971763 0.869777
3 0.48145 0.582133 0.142314 0.106719 0.371445
5 0.595454 0.617734 0.0314589 0.0855891 0.283737
5 0.435369 0.577227 0.0488292 0.168012 0.232315
5 0.44661 0.734672 0.0821884 0.482784 0.184714
5 0.447168 0.580646 0.0707459 0.180092 0.119699
5 0.447915 0.7129 0.080525 0.440517 0.0816779
5 0.594376 0.622858 0.0368897 0.100265 0.0691229
5 0.596758 0.617931 0.0389056 0.0981686 0.0146514
5 0.435141 0.585959 0.0500835 0.188841 0.0117124
