3 0.264197 0.593931 0.173657 0.0986085 0.858859
5 0.667369 0.676322 0.109797 0.384812 0.829209
3 0.541171 0.574752 0.279791 0.10725 0.828874
8 0.0270632 0.887656 0.0437771 0.0377402 0.397065
8 0.0255863 0.885175 0.0366736 0.0322638 0.385712
8 0.0360321 0.911103 0.070029 0.0212428 0.309784
8 0.036306 0.905889 0.0677863 0.0296117 0.240361
8 0.039754 0.893006 0.0640816 0.0510913 0.173614
5 0.363082 0.711074 0.0919152 0.251147 0.120513
5 0.35064 0.681499 0.0608749 0.198258 0.081245
8 0.0323931 0.89694 0.0627038 0.0478876 0.0750336
8 0.0403882 0.910669 0.0624812 0.0189252 0.0428411
5 0.352816 0.681688 0.0647806 0.198089 0.0364607
5 0.355935 0.692471 0.0711249 0.218898 0.0304039
5 0.21555 0.576677 0.0690459 0.0850359 0.0269321
8 0.0418288 0.889042 0.0656656 0.0461341 0.0231634
5 0.346299 0.66844 0.051122 0.168237 0.0217277
5 0.478821 0.667015 0.154867 0.296268 0.0192754
5 0.389338 0.775354 0.151982 0.393398 0.0116547
5 0.214662 0.571689 0.0642293 0.0776153 0.0110155
