3 0.467337 0.539531 0.16776 0.0847553 0.858865
5 0.541347 0.627688 0.0630388 0.343519 0.838991
8 0.0537546 0.279998 0.0301078 0.0330237 0.798345
3 0.26851 0.53578 0.118383 0.0750752 0.66661
5 0.330824 0.686379 0.0668921 0.317361 0.614853
5 0.400207 0.578014 0.0898181 0.166102 0.553364
8 0.0191352 0.356187 0.0382704 0.0307436 0.485006
8 0.0194906 0.356187 0.0389813 0.0308755 0.467009
5 0.398336 0.576552 0.0941991 0.17278 0.0928578
5 0.324999 0.649384 0.0512196 0.2222 0.0187642
3 0.26868 0.566839 0.110063 0.0807505 0.0126314
5 0.411743 0.646326 0.118474 0.312702 0.0115057
