3 0.579733 0.502446 0.171151 0.0796162 0.84943
8 0.10083 0.354267 0.0975471 0.122417 0.804711
5 0.501745 0.507637 0.040786 0.186704 0.378009
5 0.638492 0.483153 0.0490398 0.0796731 0.288611
5 0.502077 0.5053 0.0390869 0.172169 0.217402
8 0.100798 0.354437 0.0979021 0.122344 0.144777
5 0.503585 0.513132 0.0486208 0.204651 0.0664207
5 0.638375 0.516181 0.0541054 0.131458 0.0658174
5 0.639203 0.513503 0.0502559 0.122572 0.0482578
5 0.639529 0.503569 0.0493724 0.117247 0.0251204
5 0.500092 0.513559 0.0471034 0.212483 0.0202749
5 0.638839 0.487709 0.0508567 0.0892327 0.0142651
