8 0.112372 0.167684 0.115267 0.0841713 0.913649
5 0.450972 0.597793 0.0824283 0.501948 0.855952
3 0.543801 0.541556 0.182571 0.0935717 0.854852
3 0.339367 0.370153 0.131222 0.0626849 0.371841
5 0.290531 0.497802 0.0290934 0.291228 0.0846531
5 0.291305 0.485007 0.0290602 0.279602 0.0711139
5 0.607648 0.56259 0.0500688 0.134554 0.0697043
5 0.289965 0.497774 0.0364614 0.299843 0.0575627
5 0.604414 0.576281 0.0589554 0.16601 0.0506517
5 0.276318 0.530326 0.0565576 0.361442 0.0457289
5 0.291894 0.472101 0.0272177 0.242629 0.0444293
5 0.289879 0.510499 0.028729 0.297741 0.0260414
5 0.603906 0.573405 0.0548164 0.159188 0.0217326
5 0.278701 0.501552 0.0509089 0.31175 0.0172374
3 0.339358 0.382114 0.122908 0.0532149 0.0152385
5 0.443927 0.685734 0.0831304 0.374027 0.0141013
5 0.291967 0.453028 0.0231582 0.205017 0.0137781
5 0.611757 0.551367 0.0399326 0.105409 0.0124708
