8 0.146257 0.435057 0.0382208 0.0373248 0.780384
8 0.0318467 0.114307 0.0592336 0.0277076 0.666234
3 0.320817 0.571346 0.130337 0.0640772 0.178779
3 0.518827 0.714056 0.1409 0.0955632 0.152782
8 0.0319274 0.0874362 0.0638547 0.085628 0.133518
3 0.518966 0.71042 0.142766 0.100506 0.101299
3 0.530596 0.522027 0.258452 0.0988937 0.0355836
3 0.526205 0.553887 0.234483 0.0777543 0.0159682
8 0.0320794 0.0920764 0.0630537 0.0752619 0.0154991
3 0.526154 0.56092 0.229549 0.0774965 0.0133021
3 0.518345 0.734001 0.135315 0.073396 0.0113809
