8 0.156247 0.133002 0.154823 0.0868827 0.921206
3 0.441073 0.608246 0.211727 0.105725 0.85579
5 0.5229 0.60075 0.0429963 0.255701 0.405164
5 0.525236 0.599949 0.0389253 0.236958 0.249873
5 0.352788 0.56518 0.0514122 0.294151 0.0995208
5 0.350507 0.621792 0.0321046 0.181899 0.0744137
5 0.346517 0.563809 0.05395 0.295362 0.0671208
5 0.348152 0.607887 0.0295994 0.140483 0.0634089
5 0.348343 0.623531 0.0306597 0.187132 0.0490955
5 0.351162 0.651309 0.0342849 0.24291 0.0354079
5 0.526503 0.586297 0.0358553 0.219975 0.0342007
5 0.350205 0.605491 0.0305942 0.135826 0.0340481
5 0.353049 0.558239 0.0429778 0.280655 0.0252984
5 0.353561 0.541875 0.044247 0.245748 0.0176965
