8 0.0629733 0.477329 0.0925222 0.101581 0.910033
3 0.574217 0.747692 0.217351 0.162643 0.892259
3 0.265295 0.656906 0.141355 0.0763721 0.847744
5 0.311262 0.812823 0.0322286 0.315537 0.53403
5 0.486983 0.770143 0.0547449 0.27247 0.385871
5 0.311133 0.810049 0.0327607 0.314645 0.139002
5 0.310384 0.765539 0.0261405 0.221985 0.0863229
5 0.477183 0.704935 0.0296814 0.132436 0.0818512
5 0.659484 0.790374 0.0498426 0.27472 0.0294324
5 0.483807 0.763944 0.0496936 0.243178 0.026226
5 0.661588 0.768835 0.0439204 0.241208 0.0258671
5 0.312045 0.734388 0.0266498 0.161014 0.0165478
5 0.310052 0.730322 0.0247876 0.147457 0.0147694
5 0.309653 0.786517 0.0255825 0.286891 0.0120307
5 0.309986 0.796674 0.0257651 0.298372 0.0107351
