8 0.0499593 0.894863 0.0999185 0.107499 0.900426
3 0.58876 0.583031 0.214138 0.089782 0.866233
3 0.299015 0.552976 0.153515 0.0550763 0.863376
5 0.673548 0.673902 0.071315 0.302183 0.689558
5 0.673026 0.641661 0.0653147 0.222871 0.155822
5 0.362918 0.568675 0.0281081 0.0691184 0.0439225
5 0.51346 0.668039 0.0547416 0.148901 0.0235613
5 0.363217 0.560419 0.0276343 0.0555818 0.0174215
5 0.36267 0.582333 0.0327602 0.0979287 0.0163583
5 0.508044 0.544584 0.0344584 0.0905746 0.0147301
5 0.367674 0.564209 0.0373854 0.0695793 0.0140768
5 0.666261 0.703194 0.0493305 0.242782 0.0115455
