3 0.531464 0.719692 0.20934 0.0968524 0.824798
8 0.0362712 0.0330615 0.0402461 0.0372735 0.784013
5 0.635039 0.761831 0.0744659 0.344915 0.687876
8 0.0295327 0.977875 0.0577104 0.0278859 0.616908
3 0.241825 0.620888 0.202896 0.10553 0.0778885
8 0.0286499 0.978236 0.0563822 0.026788 0.0701081
8 0.0133306 0.806068 0.0266612 0.0180817 0.0424215
5 0.628688 0.752743 0.0472451 0.295836 0.032459
8 0.028564 0.93987 0.0555157 0.103724 0.0213454
3 0.241344 0.590916 0.217408 0.112831 0.0173798
5 0.327629 0.692851 0.0391234 0.252711 0.0125949
8 0.0105302 0.806299 0.0210604 0.0171403 0.0103199
