3 0.592882 0.607063 0.322897 0.12202 0.900552
3 0.205218 0.472007 0.114708 0.0703734 0.873029
8 0.0929239 0.238649 0.0347425 0.0333175 0.834392
8 0.042848 0.352085 0.0733322 0.0324805 0.832474
5 0.724239 0.705674 0.0350759 0.190004 0.373214
5 0.469027 0.655874 0.0569523 0.137941 0.118729
5 0.724972 0.705795 0.0385224 0.19312 0.0975263
5 0.470029 0.662459 0.0622813 0.152709 0.0758148
5 0.724392 0.69017 0.0318747 0.14967 0.0746792
5 0.46751 0.647648 0.0515477 0.11919 0.0290975
5 0.724635 0.675314 0.0290799 0.112747 0.0153559
5 0.724653 0.702858 0.038504 0.197843 0.014951
