3 0.481449 0.572128 0.240898 0.109201 0.873336
5 0.582283 0.635971 0.0922021 0.235926 0.803091
8 0.110645 0.251849 0.0404784 0.0337229 0.799647
8 0.0584473 0.107851 0.0492137 0.016975 0.611375
5 0.376489 0.605954 0.0679517 0.176073 0.563054
3 0.260647 0.464088 0.189749 0.0530684 0.257293
8 0.0574839 0.0913004 0.0499527 0.0486063 0.215453
5 0.375034 0.602995 0.0713607 0.173427 0.0423577
5 0.374889 0.594064 0.0623644 0.141493 0.0187182
5 0.375516 0.595868 0.0624049 0.149027 0.0171296
5 0.578311 0.62776 0.0765461 0.207592 0.0157061
5 0.371966 0.582 0.0537524 0.107309 0.0123616
