3 0.500158 0.592422 0.250405 0.127196 0.841399
5 0.616215 0.670006 0.100343 0.331759 0.821519
8 0.0496662 0.282795 0.038151 0.034895 0.790744
8 0.0263239 0.588569 0.0325801 0.0158337 0.616445
5 0.402478 0.640499 0.077592 0.205143 0.388683
5 0.401921 0.633086 0.0721887 0.180459 0.387193
3 0.254579 0.470337 0.184771 0.068412 0.251317
8 0.0263174 0.58796 0.0342683 0.0173378 0.090558
5 0.399192 0.61984 0.0637202 0.149515 0.0502038
3 0.255026 0.493074 0.173586 0.0797475 0.0383777
5 0.393984 0.607547 0.0542321 0.115889 0.019379
3 0.253811 0.502143 0.164869 0.0806591 0.0102359
