3 0.583674 0.448457 0.436925 0.113525 0.87098
8 0.0812833 0.0846844 0.162567 0.0399971 0.854081
5 0.721627 0.524746 0.0951903 0.19566 0.307167
5 0.726861 0.530052 0.106746 0.227466 0.212355
5 0.727464 0.493911 0.12075 0.268082 0.145149
3 0.464323 0.47689 0.188883 0.0870562 0.124934
5 0.715415 0.529481 0.0846313 0.19909 0.0599988
3 0.464126 0.481296 0.186532 0.0779161 0.0436139
5 0.72466 0.511077 0.0895782 0.165689 0.0359802
5 0.72758 0.518578 0.118184 0.227831 0.0301586
5 0.717654 0.522188 0.0852169 0.183727 0.01647
