8 0.138556 0.21119 0.0952568 0.0923301 0.923075
3 0.581415 0.562674 0.151902 0.0772359 0.840042
3 0.355096 0.556642 0.114283 0.0767837 0.78033
5 0.513593 0.582917 0.0621939 0.174854 0.0966161
5 0.640988 0.670578 0.0427423 0.255341 0.0485406
5 0.391972 0.622822 0.0292551 0.181865 0.0390396
5 0.640173 0.686826 0.0482346 0.301398 0.0370756
5 0.511539 0.579892 0.0652078 0.180151 0.0285548
5 0.641051 0.68342 0.0437407 0.284103 0.0263914
5 0.391745 0.642072 0.0317396 0.2226 0.0189744
5 0.512204 0.577769 0.0598965 0.168172 0.0148437
3 0.581324 0.560789 0.151983 0.07427 0.0143759
