3 0.556266 0.568549 0.339912 0.126808 0.840848
8 0.170217 0.15039 0.0660231 0.0346425 0.78902
8 0.0172658 0.149597 0.0345316 0.108741 0.407806
8 0.0170524 0.187243 0.0341048 0.0287499 0.326931
5 0.646609 0.606795 0.236599 0.276356 0.310958
5 0.648599 0.605598 0.228891 0.273433 0.157464
8 0.0176176 0.183586 0.0352353 0.0344856 0.0344542
5 0.408937 0.604283 0.0740589 0.271031 0.0164408
5 0.409997 0.618542 0.0699806 0.27589 0.0142754
5 0.605788 0.719377 0.329587 0.518707 0.0133959
8 0.0180784 0.154902 0.0361567 0.0987088 0.0127552
