3 0.687762 0.528757 0.235744 0.0967152 0.861909
8 0.120481 0.329688 0.0394409 0.03453 0.784251
3 0.355469 0.489105 0.155694 0.0832183 0.752526
5 0.58327 0.725652 0.0760853 0.531694 0.339843
3 0.353817 0.564649 0.149055 0.240353 0.0582321
5 0.591196 0.597025 0.0460201 0.270718 0.0461807
8 0.00429565 0.348095 0.0085913 0.0166016 0.0398836
8 0.00309175 0.30718 0.00618351 0.0959989 0.0378007
5 0.78061 0.576853 0.0757716 0.286741 0.0374604
3 0.354088 0.547989 0.155505 0.211315 0.0355488
5 0.5902 0.572879 0.0422964 0.232199 0.0262816
3 0.354901 0.567596 0.153908 0.246126 0.0230541
5 0.77406 0.59764 0.0588955 0.208578 0.0181182
8 0.00693288 0.348644 0.0138658 0.0152788 0.0167125
5 0.776857 0.589586 0.0533173 0.196654 0.010032
