8 0.916401 0.40282 0.149523 0.124577 0.927795
3 0.500938 0.4709 0.225651 0.104741 0.842513
5 0.415828 0.545126 0.0910082 0.376764 0.487265
5 0.573218 0.519743 0.109472 0.268869 0.399541
5 0.579431 0.452575 0.0922449 0.13255 0.21982
5 0.417797 0.548347 0.0962906 0.377048 0.197457
3 0.458206 0.442344 0.131821 0.0606688 0.122448
5 0.416829 0.545418 0.0943815 0.377949 0.0931498
5 0.398275 0.478707 0.0577148 0.226451 0.0634176
3 0.457605 0.438153 0.133154 0.055306 0.0616333
5 0.580783 0.449487 0.0866802 0.125458 0.0399705
5 0.553908 0.574727 0.064673 0.154018 0.0319524
5 0.397907 0.501926 0.0592426 0.254404 0.0206265
5 0.580149 0.494245 0.0870636 0.208598 0.0182551
