8 0.919963 0.319454 0.0848242 0.0767405 0.928081
3 0.69413 0.564443 0.15591 0.0958253 0.863372
5 0.430981 0.707623 0.109402 0.324089 0.855541
3 0.497669 0.600107 0.199014 0.171452 0.789418
5 0.579722 0.763659 0.0705739 0.424874 0.737139
5 0.744109 0.730167 0.0536946 0.33481 0.539973
3 0.497088 0.593318 0.203164 0.161655 0.429328
3 0.499373 0.631569 0.186185 0.111454 0.102262
3 0.498574 0.625511 0.190618 0.124419 0.0872761
5 0.580838 0.772723 0.0691813 0.411775 0.0642679
5 0.568942 0.728027 0.0449173 0.235967 0.0250079
5 0.742641 0.681948 0.0493227 0.234248 0.0148346
5 0.742284 0.697168 0.0478465 0.265812 0.010666
