3 0.71564 0.627799 0.155356 0.0816021 0.826433
8 0.921053 0.920863 0.044142 0.0349259 0.802485
5 0.3517 0.761653 0.0596225 0.338038 0.800568
5 0.773188 0.678916 0.0357544 0.164269 0.742912
3 0.451565 0.644141 0.253349 0.124877 0.546297
5 0.559161 0.66785 0.060765 0.177591 0.428569
5 0.556429 0.668586 0.0673 0.185617 0.328575
3 0.452844 0.644113 0.255052 0.124809 0.140582
5 0.651649 0.700709 0.0311581 0.24901 0.129107
5 0.651495 0.6786 0.0291848 0.206257 0.0473984
5 0.648853 0.727457 0.037168 0.245974 0.0159444
