8 0.117591 0.0345101 0.106834 0.0593776 0.876853
3 0.513822 0.540077 0.282325 0.0820618 0.857614
5 0.378938 0.610335 0.0702752 0.32116 0.739826
5 0.617864 0.552056 0.072551 0.130398 0.262057
3 0.457186 0.535318 0.193306 0.0686209 0.204949
5 0.612542 0.557496 0.0849558 0.142704 0.193983
5 0.38051 0.586175 0.058235 0.28178 0.0612761
5 0.626367 0.539969 0.0514051 0.101884 0.0553708
5 0.374883 0.632958 0.0546606 0.258001 0.0184864
3 0.460683 0.540241 0.201854 0.0724829 0.0173748
3 0.458598 0.539458 0.193144 0.113809 0.0153267
