3 0.220122 0.672122 0.137484 0.0993955 0.858344
3 0.509642 0.663604 0.214043 0.113899 0.84899
5 0.599934 0.713129 0.0789924 0.332124 0.813777
5 0.286904 0.726681 0.0513555 0.310475 0.793971
8 0.0424784 0.0761184 0.0393388 0.0351238 0.693661
5 0.421596 0.617364 0.0342808 0.0885563 0.685884
8 0.0305431 0.129941 0.043774 0.0205357 0.591681
5 0.430069 0.670474 0.0536619 0.189987 0.454036
0 0.575084 0.520313 0.198091 0.147247 0.367817
5 0.432109 0.671931 0.0572391 0.190179 0.140417
5 0.163713 0.693865 0.025662 0.165749 0.126625
8 0.0424619 0.0763113 0.0393429 0.0348156 0.0979364
5 0.164029 0.690648 0.0244927 0.160052 0.0781894
5 0.593052 0.762641 0.0645335 0.211103 0.0756052
8 0.0332989 0.105729 0.0501376 0.0726218 0.0313298
5 0.434391 0.672495 0.0640344 0.202088 0.022053
5 0.288065 0.726412 0.0481843 0.255584 0.0146568
5 0.169207 0.689308 0.0347609 0.159529 0.0114771
