4 0.689994 0.500679 0.470846 0.502859 0.946998
8 0.0669818 0.171992 0.0633639 0.0802128 0.897093
3 0.574083 0.626443 0.175872 0.0875169 0.885953
3 0.338979 0.654468 0.112313 0.100128 0.834802
5 0.403216 0.718404 0.0620911 0.341848 0.781304
5 0.298303 0.692241 0.031037 0.141127 0.754156
5 0.654781 0.671215 0.0885665 0.35197 0.612866
5 0.5041 0.595559 0.0332672 0.0937692 0.45856
4 0.686685 0.506043 0.46786 0.5066 0.313652
5 0.5026 0.595573 0.0300343 0.0936829 0.282413
5 0.499417 0.581366 0.0258949 0.0959802 0.0214828
5 0.652314 0.717364 0.0742492 0.204571 0.0200774
5 0.504968 0.602878 0.0358474 0.0984156 0.0192743
5 0.5029 0.58196 0.030049 0.0974222 0.0169557
