8 0.863608 0.0410454 0.148486 0.0807455 0.9144
3 0.424733 0.496081 0.212438 0.101915 0.849747
5 0.511637 0.530649 0.0375235 0.185519 0.352322
5 0.511052 0.541182 0.0414171 0.212763 0.21476
3 0.702047 0.454785 0.123931 0.0541572 0.200583
5 0.347199 0.538792 0.0435542 0.138437 0.0798213
5 0.511595 0.539991 0.0429292 0.207051 0.0522155
5 0.335398 0.516182 0.0666567 0.197252 0.0465369
5 0.345837 0.538402 0.0470914 0.147227 0.020023
5 0.337899 0.513297 0.055604 0.169103 0.0166824
5 0.342544 0.528235 0.0498503 0.145542 0.011021
