8 0.160884 0.0467946 0.113103 0.0569451 0.882273
3 0.476628 0.462369 0.268698 0.0742991 0.872965
6 0.650864 0.468196 0.160319 0.26396 0.420701
6 0.658845 0.505656 0.20409 0.3426 0.0944901
6 0.654319 0.444751 0.134784 0.192962 0.0467717
7 0.255548 0.467285 0.225363 0.308779 0.0211387
6 0.652372 0.501751 0.190228 0.330746 0.0202441
7 0.734979 0.510464 0.317328 0.387939 0.0169571
7 0.7336 0.527541 0.324574 0.417905 0.0129719
6 0.655488 0.515132 0.21257 0.365985 0.0111939
7 0.714898 0.545852 0.341102 0.446168 0.0102667
