3 0.345193 0.621723 0.343334 0.12378 0.860149
5 0.413685 0.740873 0.176291 0.266054 0.809813
8 0.190283 0.133545 0.0452254 0.0341813 0.788048
8 0.0620962 0.203754 0.0786126 0.028608 0.768168
5 0.203113 0.717552 0.031391 0.217606 0.11109
5 0.202987 0.737086 0.0344414 0.253575 0.0883559
5 0.202888 0.704276 0.0295395 0.194155 0.0788938
5 0.20719 0.719425 0.0348739 0.219363 0.0414092
5 0.206585 0.704659 0.0325648 0.194523 0.0329104
5 0.198726 0.738636 0.0470984 0.28313 0.0304488
5 0.207665 0.741517 0.038716 0.264086 0.0182861
5 0.185514 0.797538 0.0725598 0.384347 0.014868
5 0.388528 0.795057 0.202243 0.351813 0.0104399
