3 0.41413 0.639667 0.202705 0.091753 0.85529
3 0.723023 0.576526 0.153759 0.0678847 0.85267
8 0.0849487 0.613486 0.0461311 0.0355391 0.827459
5 0.49997 0.693851 0.0633817 0.32171 0.673551
5 0.326473 0.651164 0.0365436 0.171127 0.254928
5 0.327683 0.659056 0.039193 0.185463 0.201714
5 0.673029 0.694959 0.0533798 0.300107 0.114475
5 0.679269 0.690283 0.0324183 0.241492 0.0512315
5 0.330784 0.660855 0.0442057 0.229756 0.0358668
5 0.500789 0.653884 0.0524019 0.228425 0.0334605
5 0.32554 0.643987 0.0337359 0.147137 0.0250172
5 0.79042 0.598178 0.019798 0.140007 0.0153475
5 0.67903 0.707815 0.0341641 0.266046 0.0144922
5 0.790091 0.607695 0.0207862 0.154298 0.0129731
5 0.498281 0.669387 0.0540222 0.235039 0.0121755
