8 0.919496 0.113553 0.0699973 0.0341651 0.834422
8 0.968364 0.666987 0.0621169 0.054113 0.830688
3 0.59861 0.359705 0.361875 0.105142 0.623154
3 0.59554 0.392361 0.370081 0.174148 0.507786
5 0.690922 0.463375 0.146221 0.214436 0.274965
3 0.59846 0.411453 0.339071 0.144087 0.109992
3 0.754815 0.308499 0.116351 0.0434283 0.0436459
5 0.687531 0.465404 0.149153 0.21852 0.040421
5 0.691267 0.445237 0.134222 0.182859 0.0200787
5 0.690429 0.431357 0.140808 0.15596 0.0180364
3 0.597454 0.39518 0.349242 0.146491 0.0155008
