8 0.854794 0.125302 0.20642 0.222723 0.928598
3 0.712103 0.47647 0.129004 0.0663365 0.864584
3 0.49644 0.496357 0.18539 0.0982939 0.854537
5 0.401684 0.585706 0.106256 0.415131 0.854168
5 0.571373 0.499666 0.0364018 0.0988314 0.189061
5 0.655486 0.529551 0.0216088 0.100892 0.179465
5 0.569011 0.505864 0.0412113 0.115926 0.112627
5 0.573839 0.494314 0.0308777 0.0856009 0.0801257
5 0.566656 0.512725 0.046137 0.133674 0.0351994
5 0.574744 0.487418 0.0267658 0.0734818 0.0176464
5 0.65279 0.52814 0.0141384 0.0870649 0.0166729
5 0.564199 0.521141 0.0521348 0.152748 0.0111279
5 0.653106 0.523505 0.0177094 0.0879442 0.0103212
