3 0.422437 0.617275 0.196436 0.0678022 0.866273
8 0.0809928 0.372286 0.0919174 0.09174 0.860194
8 0.166786 0.363268 0.0482942 0.0333372 0.779622
5 0.473218 0.70108 0.0818532 0.169845 0.523731
5 0.474776 0.692455 0.0782551 0.168671 0.200947
5 0.318948 0.656865 0.074846 0.22038 0.155453
3 0.305011 0.479497 0.0923968 0.0409403 0.127731
5 0.326073 0.65767 0.0730828 0.218125 0.0820815
5 0.323129 0.669476 0.0622969 0.183145 0.0648112
5 0.477541 0.68422 0.0710149 0.14882 0.0512576
5 0.325325 0.654984 0.0630143 0.225051 0.0405956
5 0.32428 0.658394 0.0628344 0.207086 0.0262597
5 0.326352 0.65213 0.0622594 0.226315 0.0189635
8 0.165899 0.363469 0.0485503 0.0331706 0.0146879
5 0.475272 0.69287 0.0906181 0.1888 0.0127286
5 0.329821 0.630663 0.0526885 0.178699 0.0110025
5 0.285881 0.762578 0.10919 0.324005 0.0105353
