8 0.0357867 0.0868533 0.0403761 0.0332857 0.8449
8 0.120699 0.143682 0.0543234 0.0475926 0.818066
3 0.583156 0.404217 0.281185 0.147493 0.349813
3 0.579545 0.402354 0.296708 0.144724 0.138593
3 0.557413 0.453782 0.149223 0.0548061 0.124732
3 0.659228 0.657253 0.196145 0.123812 0.0705247
3 0.557536 0.450166 0.154429 0.0540285 0.04402
3 0.560617 0.437491 0.174936 0.0712084 0.0276119
3 0.581859 0.413284 0.245525 0.128885 0.0258717
3 0.574565 0.412515 0.30523 0.166326 0.0257097
3 0.684207 0.721085 0.129847 0.355711 0.0103825
3 0.652268 0.637231 0.21476 0.186759 0.0102945
