3 0.482377 0.264506 0.154997 0.047459 0.847147
8 0.412399 0.969504 0.0658854 0.0455183 0.83346
3 0.39257 0.27507 0.0916873 0.0339667 0.594061
8 0.12038 0.204522 0.0469703 0.0325447 0.593695
8 0.119989 0.20451 0.046606 0.0323326 0.207438
6 0.581288 0.297017 0.126996 0.265553 0.161061
7 0.630493 0.308426 0.240697 0.308427 0.0980397
3 0.390101 0.264101 0.102281 0.0506001 0.0843141
5 0.428467 0.286069 0.0525494 0.0625184 0.015438
3 0.380221 0.253035 0.106558 0.0487027 0.0134968
3 0.39319 0.272966 0.0955524 0.0355966 0.0105453
