8 0.0324411 0.0859384 0.0398577 0.0329036 0.795212
3 0.678828 0.619642 0.173206 0.098655 0.35579
3 0.404401 0.456357 0.150169 0.0720612 0.0992466
3 0.406118 0.464993 0.143607 0.077974 0.0831446
3 0.685505 0.641727 0.160327 0.0668688 0.0770546
3 0.403721 0.447441 0.152302 0.0579492 0.0451754
3 0.40905 0.49565 0.126117 0.0615659 0.0358123
3 0.408427 0.483081 0.131359 0.0627319 0.0275958
3 0.410318 0.503474 0.125873 0.0644133 0.0244923
3 0.427505 0.610948 0.133513 0.0739992 0.0163142
3 0.445921 0.718229 0.161917 0.0943656 0.0124739
