3 0.474395 0.533107 0.233323 0.133655 0.85389
8 0.930124 0.273261 0.0877063 0.0926294 0.669829
8 0.929981 0.273429 0.0875166 0.092436 0.660497
3 0.750094 0.479106 0.137003 0.0705209 0.589669
5 0.381107 0.611954 0.0446946 0.344585 0.580544
5 0.381004 0.580082 0.0435892 0.262715 0.338996
5 0.574268 0.551512 0.0796257 0.168803 0.338507
5 0.570889 0.555185 0.0855899 0.175589 0.103366
3 0.751959 0.498576 0.138118 0.099854 0.0986506
5 0.691008 0.686343 0.0432094 0.424883 0.0855453
5 0.565056 0.608818 0.0988631 0.29469 0.0715211
5 0.57432 0.554479 0.0871744 0.181155 0.0131873
