8 0.957947 0.0693034 0.0567146 0.06458 0.870408
8 0.954601 0.164162 0.0404822 0.0341142 0.824711
3 0.378204 0.500556 0.316818 0.0985827 0.103444
3 0.378406 0.462869 0.331857 0.128155 0.090647
3 0.377831 0.462145 0.333649 0.135342 0.0842541
3 0.377994 0.48065 0.324349 0.104524 0.0785344
3 0.641509 0.415659 0.110812 0.0664245 0.0403379
3 0.377654 0.490031 0.320201 0.0957283 0.0379275
3 0.376046 0.459903 0.336396 0.127145 0.0308991
3 0.377815 0.508781 0.310546 0.0926508 0.0229431
3 0.375454 0.454548 0.337917 0.12283 0.0209068
