3 0.493275 0.689645 0.259316 0.143603 0.895459
5 0.577052 0.811809 0.167434 0.32665 0.860536
3 0.275199 0.5938 0.156252 0.0828055 0.850601
8 0.769047 0.87833 0.0344118 0.0358924 0.805384
8 0.0400013 0.172867 0.0800025 0.0487046 0.800535
5 0.192227 0.722176 0.0475613 0.324733 0.392472
5 0.397879 0.631531 0.0511589 0.0734567 0.0749612
5 0.400168 0.626751 0.042751 0.0653201 0.0528788
5 0.19763 0.683053 0.0327663 0.236409 0.0383083
5 0.19868 0.672121 0.0304023 0.216032 0.030519
5 0.404505 0.620465 0.0325066 0.0665333 0.0166243
5 0.199752 0.661695 0.0269833 0.195138 0.0160136
5 0.200126 0.669485 0.032643 0.235906 0.0140396
5 0.324271 0.688992 0.0730552 0.280713 0.0113769
5 0.338559 0.620633 0.060476 0.14509 0.0112197
