3 0.399164 0.567193 0.250319 0.0888312 0.843036
8 0.0480599 0.16386 0.0873764 0.0335674 0.827224
8 0.180219 0.839328 0.048617 0.0344632 0.806186
5 0.320015 0.647996 0.0822003 0.264403 0.646338
5 0.315946 0.6583 0.0693266 0.20659 0.241864
5 0.500575 0.635762 0.0391762 0.141714 0.0601289
5 0.497209 0.646199 0.048893 0.161303 0.0333709
5 0.316099 0.649786 0.0689815 0.200325 0.0292748
5 0.493655 0.657254 0.0614723 0.182943 0.0279479
8 0.0474592 0.156116 0.0895074 0.0506459 0.0261644
5 0.502131 0.626137 0.0335783 0.117542 0.0261053
5 0.522106 0.591804 0.0972852 0.320492 0.0248208
6 0.568781 0.601938 0.185431 0.375771 0.0182123
8 0.0472799 0.123276 0.0909333 0.117333 0.0137182
5 0.49854 0.635719 0.0354981 0.124293 0.0106867
