3 0.414289 0.438922 0.348533 0.0872683 0.84984
8 0.0376685 0.20819 0.0461425 0.0331405 0.765286
8 0.0343191 0.0381431 0.0686382 0.0590353 0.65757
8 0.0344506 0.0572315 0.0689012 0.0206944 0.341753
5 0.523233 0.56986 0.0712231 0.200803 0.337851
5 0.294502 0.510003 0.110317 0.194923 0.24866
8 0.0354053 0.0374223 0.0708105 0.0601068 0.216636
5 0.544022 0.533532 0.107973 0.282081 0.187963
5 0.294999 0.504672 0.101227 0.1788 0.114466
5 0.577433 0.433281 0.0476125 0.0737137 0.0648844
7 0.170767 0.30358 0.204788 0.28576 0.0286614
5 0.523038 0.568587 0.0681374 0.198741 0.025415
5 0.294906 0.48928 0.095903 0.142796 0.0213624
