8 0.905729 0.0741027 0.161187 0.0893411 0.914617
3 0.520918 0.495898 0.315303 0.10945 0.709294
5 0.405456 0.61861 0.058805 0.287425 0.418185
5 0.605136 0.666637 0.100158 0.359374 0.388377
5 0.409331 0.620964 0.0500417 0.211393 0.252746
5 0.606237 0.662171 0.100835 0.353602 0.248349
5 0.408537 0.625439 0.0533692 0.226137 0.197338
3 0.51966 0.516625 0.287733 0.0725744 0.15542
5 0.405903 0.623017 0.0602572 0.292154 0.150463
5 0.403233 0.559456 0.0515153 0.164211 0.141568
5 0.603283 0.608793 0.0867223 0.212756 0.0598069
5 0.608295 0.590532 0.0933952 0.20215 0.0393298
5 0.410355 0.626712 0.0512662 0.232951 0.0137569
5 0.61257 0.549111 0.0856667 0.130344 0.0101451
