8 0.815796 0.910099 0.159612 0.10528 0.925036
3 0.374391 0.596046 0.334398 0.108256 0.876213
3 0.794918 0.474456 0.102937 0.0578592 0.771522
5 0.504229 0.659358 0.100324 0.240955 0.723591
5 0.507323 0.643949 0.0911076 0.209347 0.130499
5 0.223203 0.596386 0.0437833 0.0982254 0.0732782
5 0.492585 0.714583 0.120728 0.349618 0.0454215
5 0.227168 0.625285 0.0497214 0.157119 0.0212347
5 0.225656 0.602169 0.0479682 0.111356 0.0210737
5 0.229146 0.6384 0.0538962 0.186626 0.0140782
5 0.21991 0.596177 0.0487266 0.107892 0.0137246
5 0.228616 0.619143 0.0595852 0.154779 0.0133044
