8 0.359096 0.087987 0.0542267 0.0374288 0.7871
5 0.618434 0.496084 0.0714497 0.313803 0.726627
3 0.523909 0.420642 0.21331 0.0913281 0.716475
5 0.469663 0.511006 0.11059 0.296827 0.327289
3 0.524418 0.420576 0.213564 0.0914487 0.240326
5 0.476357 0.546766 0.071416 0.218555 0.0403228
5 0.436342 0.422028 0.0385385 0.12274 0.023797
5 0.43748 0.418935 0.0382366 0.107769 0.0169925
5 0.4323 0.414547 0.0291863 0.101916 0.015354
5 0.439583 0.426616 0.0423673 0.12359 0.0132761
5 0.473361 0.535531 0.0686807 0.198438 0.0124002
5 0.435258 0.415623 0.0340861 0.102537 0.0114931
