8 0.186618 0.0429348 0.136519 0.0844546 0.909136
3 0.449599 0.521761 0.198476 0.0702095 0.870988
5 0.362501 0.532434 0.0655281 0.125831 0.129086
5 0.364407 0.566647 0.0786534 0.196009 0.0972989
5 0.527639 0.560675 0.0570257 0.183175 0.0447946
5 0.53863 0.509119 0.023697 0.0658491 0.0407963
5 0.53821 0.518365 0.0263003 0.0789958 0.040347
5 0.363733 0.55284 0.0714439 0.167991 0.0326145
5 0.53685 0.525085 0.0334625 0.0998908 0.0240023
5 0.53101 0.554903 0.0506882 0.168547 0.0219016
5 0.533836 0.539756 0.0431828 0.140723 0.0181643
