8 0.201303 0.942074 0.0907109 0.0670001 0.890677
3 0.637305 0.67218 0.212422 0.0910051 0.855942
3 0.35569 0.747334 0.146795 0.0758904 0.839759
5 0.729058 0.71997 0.0670279 0.268172 0.765973
5 0.571129 0.728995 0.139786 0.266506 0.738208
5 0.326858 0.862549 0.0713621 0.249501 0.104792
5 0.442043 0.821484 0.0496013 0.168967 0.0992764
5 0.42896 0.787353 0.0795275 0.259221 0.0828791
5 0.729817 0.731762 0.0572538 0.207777 0.0556733
5 0.3175 0.826308 0.0433021 0.172523 0.0377546
5 0.442834 0.8255 0.0530648 0.179775 0.0345275
5 0.594047 0.779709 0.174332 0.357219 0.0172979
5 0.319421 0.838405 0.0470082 0.196772 0.0142439
