3 0.644265 0.650114 0.255508 0.106734 0.875323
8 0.0710905 0.573058 0.0449161 0.0377672 0.776943
5 0.742611 0.730858 0.0514376 0.173979 0.144159
3 0.259656 0.626383 0.188978 0.0800333 0.134308
5 0.743955 0.747016 0.0564294 0.210803 0.127607
5 0.528707 0.693834 0.102568 0.373753 0.0931978
5 0.751419 0.672589 0.0668554 0.329177 0.0768446
5 0.526386 0.679338 0.0934738 0.348294 0.058009
5 0.743687 0.74448 0.0559839 0.217424 0.0429034
5 0.768202 0.577363 0.0317905 0.152656 0.0233894
5 0.537934 0.674266 0.0553861 0.216497 0.0118475
3 0.256934 0.664571 0.18943 0.151804 0.0114773
