3 0.615044 0.511994 0.252987 0.110101 0.869982
8 0.0752017 0.316821 0.0378549 0.0346394 0.792918
3 0.315277 0.470237 0.183646 0.0764183 0.734631
8 0.0575189 0.808156 0.067649 0.086376 0.712135
5 0.519574 0.537613 0.0576892 0.185134 0.357205
8 0.0588316 0.84229 0.064469 0.0180408 0.233275
5 0.72007 0.536808 0.0375825 0.181348 0.0485528
5 0.721399 0.532062 0.0347472 0.173142 0.0457551
5 0.516106 0.529361 0.0508995 0.16532 0.0347951
5 0.522734 0.545714 0.0697748 0.200333 0.0307006
5 0.521799 0.544585 0.0629311 0.200701 0.0121698
