3 0.538298 0.596401 0.225017 0.100505 0.836731
8 0.0367122 0.0881572 0.0454654 0.0343888 0.788763
3 0.348886 0.468424 0.0943277 0.0469871 0.761399
8 0.0570475 0.211346 0.054861 0.0167995 0.311282
5 0.441511 0.670223 0.102746 0.324925 0.301881
8 0.0565975 0.211866 0.0543168 0.0164328 0.216951
8 0.0574662 0.212449 0.0550397 0.0159537 0.152838
5 0.440216 0.673324 0.102013 0.333318 0.0538338
5 0.439196 0.615558 0.0913896 0.219519 0.0400882
8 0.0562732 0.212794 0.0527985 0.0152603 0.0342175
5 0.438342 0.600878 0.0944803 0.181669 0.0333044
5 0.469555 0.719179 0.0464649 0.238847 0.0277151
8 0.0562754 0.200579 0.0584101 0.0379453 0.0231773
8 0.0541145 0.191053 0.0608139 0.0555192 0.0209705
5 0.465623 0.714497 0.0426741 0.222746 0.0163207
5 0.437583 0.586908 0.0902057 0.151199 0.0151698
5 0.444579 0.61125 0.0861192 0.185683 0.0112591
