8 0.896697 0.338961 0.132214 0.0615299 0.888534
3 0.45649 0.581475 0.288477 0.0844548 0.844557
5 0.318443 0.633329 0.158627 0.239393 0.781822
3 0.559039 0.619363 0.196234 0.0492488 0.183411
5 0.341825 0.63404 0.107517 0.183525 0.064266
5 0.594942 0.595295 0.0823665 0.21044 0.0420011
5 0.581261 0.557048 0.044072 0.149589 0.0161404
5 0.580415 0.531047 0.0306254 0.0850758 0.0146585
5 0.346039 0.642194 0.101349 0.185246 0.0141203
5 0.587203 0.562517 0.0566904 0.164184 0.0109805
5 0.579598 0.538913 0.0365792 0.107848 0.0105672
