5 0.547505 0.726233 0.107557 0.462705 0.906279
3 0.449638 0.620983 0.197322 0.12591 0.876606
3 0.264769 0.579655 0.101288 0.0692405 0.850098
8 0.0615307 0.352766 0.0721411 0.128775 0.774774
8 0.0724051 0.328904 0.0250474 0.0328075 0.739915
5 0.372156 0.662666 0.0383636 0.248874 0.209955
5 0.370612 0.571495 0.0314577 0.0716421 0.144776
5 0.370022 0.574735 0.0347693 0.0787396 0.0953361
5 0.305212 0.618881 0.0173339 0.127468 0.0784678
5 0.305049 0.634734 0.0204261 0.165066 0.0587651
5 0.30538 0.608586 0.0157248 0.103561 0.0510658
5 0.304461 0.651885 0.0227828 0.199689 0.0336771
5 0.372473 0.688608 0.0295173 0.172004 0.0322102
8 0.0355959 0.346033 0.0187396 0.139379 0.0199406
5 0.302148 0.753375 0.029123 0.402825 0.0168684
5 0.303668 0.661797 0.0226452 0.210438 0.0135615
5 0.369866 0.58137 0.0365791 0.0850562 0.0110452
5 0.302681 0.674082 0.0220439 0.226468 0.0100681
