3 0.499462 0.523464 0.239179 0.0830465 0.816787
8 0.0295954 0.518521 0.041441 0.0339968 0.792421
5 0.594043 0.579695 0.077798 0.279683 0.677824
8 0.0120124 0.356862 0.0240248 0.0281351 0.286573
5 0.593708 0.617794 0.0738711 0.194408 0.242483
8 0.0101138 0.356575 0.0202276 0.0272093 0.19862
5 0.368297 0.526303 0.0690164 0.190195 0.190408
3 0.444042 0.512766 0.171001 0.0714757 0.17417
5 0.369151 0.522946 0.0605126 0.170367 0.168037
5 0.594561 0.487389 0.0468911 0.0888553 0.126261
5 0.591634 0.486947 0.0406569 0.0903083 0.0423988
5 0.599682 0.539076 0.0645505 0.185812 0.0408197
5 0.589968 0.58313 0.0790052 0.277267 0.0212742
5 0.594204 0.487458 0.0424401 0.0857788 0.0208652
3 0.4425 0.505418 0.174877 0.0698655 0.0190067
5 0.592714 0.488907 0.0421661 0.091748 0.0134964
