3 0.465469 0.472565 0.231684 0.0799253 0.905977
8 0.939469 0.821392 0.0766455 0.0703294 0.862757
3 0.581746 0.45418 0.161415 0.0536624 0.862637
8 0.70831 0.181314 0.0565896 0.0339194 0.816271
6 0.353939 0.510617 0.194198 0.291667 0.112767
7 0.305247 0.494207 0.300664 0.332894 0.0252989
6 0.355398 0.509992 0.192566 0.280427 0.0251228
8 0.978441 0.859321 0.0201522 0.0175052 0.0249403
7 0.359289 0.55943 0.314724 0.431036 0.0241355
8 0.987973 0.858168 0.0240541 0.0197959 0.0213383
3 0.46555 0.472635 0.232728 0.0802043 0.0158357
8 0.951828 0.854953 0.06552 0.0262906 0.0148093
