8 0.915853 0.925808 0.149765 0.0993929 0.916166
3 0.7336 0.499324 0.112827 0.0608934 0.818338
3 0.435679 0.563692 0.310615 0.0813628 0.78744
3 0.436102 0.563628 0.309235 0.0807402 0.26586
5 0.561097 0.63321 0.0462382 0.15948 0.190419
5 0.331185 0.604583 0.0687979 0.0859436 0.144751
5 0.333244 0.613402 0.0753466 0.107025 0.0860304
5 0.56118 0.62292 0.0403313 0.132878 0.0714941
5 0.562155 0.610289 0.0355665 0.103983 0.0535968
5 0.56315 0.599474 0.0324994 0.0833886 0.0329581
3 0.733898 0.499083 0.11152 0.0596787 0.0259067
