3 0.630796 0.678831 0.167665 0.0600958 0.868252
8 0.036448 0.0874094 0.0398455 0.0334081 0.805582
3 0.386108 0.530262 0.129653 0.109726 0.47543
3 0.352144 0.159532 0.0970738 0.0516 0.324597
3 0.384065 0.560123 0.118939 0.059317 0.261913
5 0.418837 0.593749 0.0641169 0.240474 0.0934904
3 0.39045 0.503457 0.117561 0.0565868 0.066518
3 0.382789 0.56015 0.120755 0.0618418 0.0628082
3 0.38704 0.520693 0.128093 0.0953705 0.0612286
5 0.420827 0.591912 0.0578114 0.225076 0.0562631
5 0.186683 0.618857 0.0438229 0.197344 0.0475551
3 0.392748 0.499793 0.11246 0.0499975 0.0287464
5 0.419659 0.606053 0.0613803 0.228271 0.0258215
5 0.186087 0.63415 0.0491628 0.234945 0.0253832
5 0.422903 0.578393 0.0521201 0.209873 0.0241171
5 0.164649 0.737405 0.0753353 0.440414 0.0205123
3 0.300541 0.507344 0.188632 0.0694919 0.0165586
5 0.185666 0.628957 0.0571248 0.224947 0.0112759
5 0.170974 0.727554 0.0814547 0.410154 0.0100389
