8 0.118609 0.85928 0.106859 0.0743359 0.898291
3 0.521089 0.626951 0.194429 0.0995503 0.835827
5 0.588953 0.652086 0.064395 0.213435 0.48129
5 0.590506 0.623563 0.0573981 0.150335 0.223773
5 0.440474 0.764892 0.0447298 0.364816 0.187114
5 0.440997 0.760984 0.0446789 0.363806 0.123145
5 0.587543 0.649497 0.0581055 0.200157 0.0599237
5 0.586835 0.65329 0.0602008 0.206583 0.0226102
5 0.590271 0.645873 0.0569382 0.193187 0.015736
5 0.440219 0.766493 0.0467855 0.373834 0.0138225
5 0.591416 0.614732 0.0536188 0.130031 0.012436
