8 0.918352 0.887694 0.052249 0.0388331 0.797604
3 0.458061 0.624378 0.225861 0.078805 0.625946
3 0.715843 0.607555 0.165657 0.0734577 0.182893
3 0.72964 0.691996 0.123639 0.0802108 0.0962844
3 0.715314 0.601674 0.168221 0.0729064 0.0740979
3 0.723983 0.643587 0.140773 0.0676522 0.0608481
3 0.457509 0.622998 0.228227 0.0812749 0.0427318
5 0.659924 0.70118 0.0634747 0.191903 0.024507
3 0.714917 0.594014 0.17109 0.0705989 0.0179254
3 0.725008 0.650714 0.13838 0.0727451 0.0118613
3 0.717934 0.616393 0.159764 0.0730452 0.0117821
3 0.722638 0.633812 0.146186 0.0677041 0.0109359
