3 0.423443 0.493048 0.142326 0.0626837 0.865832
8 0.137253 0.295603 0.0476863 0.0328883 0.797163
8 0.0878369 0.346951 0.0707429 0.0259163 0.734731
5 0.356059 0.540471 0.0398731 0.156941 0.0593082
5 0.352375 0.547122 0.0479388 0.173263 0.0579812
5 0.358897 0.538511 0.0413003 0.159779 0.0562852
5 0.34875 0.552702 0.0552499 0.187969 0.0298033
5 0.358088 0.534347 0.0343248 0.144009 0.029544
5 0.363316 0.530335 0.031713 0.136878 0.0158912
8 0.0876629 0.342778 0.074973 0.0359846 0.0113239
5 0.35405 0.546243 0.0449681 0.179701 0.0101828
