3 0.603973 0.639688 0.26515 0.0852259 0.872288
8 0.929167 0.724823 0.0677224 0.0336362 0.84913
8 0.957396 0.659541 0.0842743 0.0735971 0.821783
5 0.50035 0.732347 0.0548481 0.178586 0.519102
5 0.709624 0.652841 0.0615805 0.183197 0.1555
5 0.708327 0.65135 0.0556886 0.161871 0.154009
5 0.706809 0.659716 0.0597191 0.178162 0.0676041
5 0.499021 0.725619 0.0462703 0.157938 0.0459279
5 0.4985 0.733158 0.0532955 0.178707 0.0429008
5 0.498521 0.717086 0.0412112 0.138131 0.0315619
5 0.710675 0.642276 0.0493011 0.128153 0.0230125
5 0.70726 0.653767 0.0622102 0.185095 0.0214181
5 0.713144 0.64695 0.0529365 0.16472 0.0192394
5 0.501296 0.724014 0.04888 0.157394 0.018939
5 0.509821 0.750511 0.0751848 0.233145 0.0159919
