8 0.929787 0.752681 0.110668 0.0930498 0.897082
3 0.589347 0.54872 0.261262 0.0955838 0.86244
5 0.469507 0.625399 0.024632 0.155755 0.41723
5 0.660681 0.717637 0.125799 0.466168 0.259394
5 0.469396 0.632699 0.0282078 0.173031 0.251515
5 0.671546 0.621352 0.107025 0.293996 0.136525
5 0.673828 0.621429 0.108831 0.304053 0.11721
5 0.469029 0.617864 0.0230777 0.138163 0.101926
5 0.67436 0.624965 0.0773437 0.168474 0.0977666
5 0.668164 0.651724 0.114638 0.349641 0.0585137
5 0.674228 0.601387 0.101961 0.258168 0.0161456
