8 0.074421 0.121128 0.127787 0.121481 0.921645
3 0.575352 0.53302 0.275867 0.123293 0.875662
5 0.665612 0.619977 0.0842724 0.224257 0.577824
5 0.657115 0.645661 0.0631346 0.171318 0.223906
5 0.65718 0.641707 0.060433 0.164481 0.196345
5 0.483196 0.617728 0.0803986 0.159108 0.130308
5 0.479749 0.606832 0.0706202 0.131623 0.128677
5 0.477854 0.598511 0.0645605 0.111252 0.0641136
3 0.300954 0.482251 0.101984 0.0520188 0.0614993
5 0.499669 0.670377 0.105879 0.261464 0.0438605
5 0.487006 0.638407 0.0877918 0.197213 0.0345065
