4 0.571669 0.107311 0.266889 0.198889 0.865013
8 0.676838 0.530434 0.0274306 0.0332491 0.85451
3 0.555467 0.373121 0.0783601 0.0967239 0.153217
3 0.557274 0.352401 0.104369 0.136116 0.0919399
3 0.616885 0.341356 0.0468395 0.0379031 0.0730192
3 0.61632 0.336535 0.0493709 0.0391471 0.061551
3 0.639282 0.297337 0.0596785 0.0491385 0.0377433
3 0.555908 0.367022 0.0779899 0.100042 0.0285224
3 0.560915 0.363625 0.0774728 0.10471 0.0254523
3 0.579748 0.351421 0.0834217 0.111432 0.025371
3 0.562559 0.35435 0.0790045 0.113432 0.0202901
3 0.559148 0.339433 0.115895 0.131754 0.0192624
3 0.617363 0.324377 0.0592467 0.0550861 0.0144397
3 0.643808 0.299227 0.0528572 0.0519144 0.0122877
3 0.637213 0.305167 0.0687078 0.0670483 0.0107766
