8 0.946785 0.518796 0.0513238 0.0328883 0.848156
3 0.493412 0.406282 0.285054 0.0739255 0.81481
4 0.476909 0.356391 0.844064 0.0539137 0.0837566
4 0.463275 0.403666 0.831079 0.107633 0.0790752
4 0.473314 0.20834 0.846439 0.131994 0.0550712
4 0.469 0.186174 0.846412 0.0647578 0.0514682
4 0.474742 0.387803 0.839893 0.129117 0.0502544
4 0.458654 0.391853 0.830386 0.119349 0.0468358
4 0.481253 0.637434 0.805351 0.0467286 0.0342381
4 0.024984 0.126722 0.0476817 0.253444 0.0341437
4 0.482487 0.738089 0.808189 0.049011 0.0295757
4 0.456747 0.357578 0.829185 0.0471787 0.0289878
4 0.0372854 0.122752 0.0531556 0.245505 0.0274654
4 0.484025 0.758535 0.81769 0.0640619 0.0268563
4 0.46678 0.421853 0.839297 0.0823261 0.0240888
4 0.476966 0.537401 0.811315 0.0461051 0.0196846
4 0.727466 0.482236 0.466218 0.938366 0.0180403
4 0.471614 0.398283 0.841306 0.112422 0.0138564
4 0.448649 0.0487486 0.880013 0.0974972 0.0138085
4 0.473068 0.338478 0.829479 0.0493449 0.0136119
4 0.483093 0.669053 0.812374 0.0974204 0.0130531
4 0.471328 0.415377 0.844897 0.089188 0.0129858
4 0.821338 0.102534 0.0865392 0.205068 0.0123942
4 0.450082 0.0406708 0.883306 0.0813416 0.0104583
3 0.385685 0.400474 0.144989 0.0680334 0.0102336
