8 0.151215 0.138201 0.0396427 0.0356341 0.812925
0 0.549482 0.614577 0.0496717 0.0338171 0.38281
0 0.589556 0.509481 0.0615956 0.0515288 0.381029
0 0.493578 0.50352 0.120895 0.0488016 0.375172
0 0.533165 0.506638 0.212205 0.0552517 0.340196
0 0.524357 0.50429 0.194373 0.0510574 0.339481
0 0.488928 0.638943 0.140449 0.234717 0.285368
0 0.527065 0.704736 0.0805282 0.0729266 0.172207
0 0.528552 0.686173 0.0761545 0.0387356 0.147648
0 0.495153 0.504271 0.112608 0.0474686 0.0971983
0 0.556111 0.472957 0.183177 0.100195 0.0494319
0 0.491803 0.619766 0.15641 0.26341 0.04229
0 0.53546 0.668684 0.0666707 0.169565 0.0406751
0 0.539965 0.488178 0.255701 0.102592 0.0252339
0 0.555816 0.594152 0.0769844 0.214077 0.0199289
0 0.527086 0.704624 0.0787138 0.072864 0.0190445
0 0.551104 0.448333 0.143076 0.0678506 0.0188281
4 0.549482 0.614577 0.0496717 0.0338171 0.0153977
0 0.542744 0.480007 0.243697 0.109388 0.0144213
0 0.54816 0.617698 0.0573561 0.246517 0.0128222
