8 0.913066 0.542182 0.100242 0.0719237 0.905466
3 0.405279 0.670545 0.25677 0.137049 0.888191
3 0.698466 0.632905 0.158932 0.0979305 0.850313
5 0.286001 0.690242 0.0658946 0.316822 0.550965
3 0.743281 0.460911 0.111574 0.0714972 0.502006
5 0.493562 0.768358 0.0689914 0.229652 0.135388
5 0.493573 0.768202 0.0652018 0.223894 0.126206
5 0.304003 0.747526 0.0272577 0.206751 0.116841
5 0.493203 0.772214 0.0720723 0.234475 0.0584995
5 0.273735 0.583726 0.03661 0.106794 0.0242273
5 0.491675 0.771971 0.0743763 0.236606 0.0109014
5 0.302871 0.744691 0.0312962 0.21578 0.0103572
3 0.405178 0.670202 0.255995 0.135899 0.0102175
