3 0.608504 0.584234 0.313915 0.135671 0.873744
3 0.261297 0.591323 0.170906 0.085887 0.83455
8 0.120752 0.301417 0.0409896 0.0346153 0.795393
8 0.0853568 0.351983 0.0650852 0.0273871 0.781806
5 0.480983 0.678423 0.0625891 0.317467 0.751936
5 0.719265 0.635323 0.0923711 0.190546 0.664105
5 0.719227 0.634936 0.0903977 0.186467 0.62374
5 0.183402 0.660562 0.0439686 0.24822 0.499862
5 0.325604 0.607533 0.0416812 0.158121 0.252887
5 0.185333 0.647991 0.0397939 0.222782 0.175046
5 0.32674 0.599997 0.0371269 0.143451 0.161552
5 0.185261 0.655129 0.0402723 0.232744 0.0705322
5 0.482461 0.634867 0.0532129 0.219699 0.0437474
8 0.0860271 0.335434 0.0662852 0.0611121 0.0197989
5 0.484986 0.688144 0.0502736 0.220541 0.0112192
