8 0.922307 0.898778 0.08017 0.0330656 0.845684
0 0.646757 0.584594 0.212824 0.0345253 0.839337
0 0.63217 0.650111 0.225822 0.0435484 0.769863
0 0.650427 0.50492 0.238938 0.0350302 0.696116
0 0.64513 0.585779 0.213986 0.0350266 0.539555
7 0.341334 0.534532 0.449936 0.321759 0.0738646
0 0.655278 0.504573 0.224223 0.0342327 0.0416739
3 0.63217 0.650111 0.225822 0.0435484 0.0389262
0 0.649364 0.616597 0.299884 0.122631 0.0347429
0 0.67275 0.503753 0.189571 0.0329667 0.0237137
0 0.650379 0.508575 0.224479 0.0364981 0.0186505
0 0.649102 0.504704 0.239959 0.034695 0.0126593
7 0.34064 0.533906 0.44917 0.318647 0.0100284
