8 0.900158 0.721104 0.112161 0.133817 0.923026
3 0.524706 0.536589 0.15739 0.121154 0.861198
3 0.670597 0.495103 0.094169 0.0669084 0.824012
5 0.489544 0.636613 0.157319 0.266805 0.725856
5 0.598599 0.568273 0.0292683 0.164323 0.382204
5 0.50687 0.686606 0.188939 0.370083 0.328239
5 0.599558 0.580017 0.031784 0.174262 0.263302
5 0.646934 0.548644 0.0449725 0.137535 0.0323325
5 0.598702 0.57904 0.0410516 0.195327 0.0308175
5 0.597632 0.553128 0.0255426 0.124993 0.0272939
5 0.646067 0.540252 0.0386768 0.11616 0.0142839
