8 0.785035 0.378424 0.0892786 0.0599741 0.900864
3 0.448953 0.544338 0.185879 0.0747534 0.876885
3 0.655619 0.525008 0.114138 0.0571058 0.850414
5 0.529559 0.59615 0.0286736 0.192937 0.702531
5 0.64541 0.626159 0.084152 0.232086 0.496119
5 0.645343 0.615326 0.0668496 0.206457 0.239478
5 0.380545 0.574783 0.0414616 0.0816967 0.0409587
5 0.636175 0.568299 0.0530931 0.112537 0.0255517
5 0.384124 0.582923 0.0405956 0.0812347 0.0238252
5 0.632226 0.554954 0.043458 0.0839378 0.0224551
5 0.658394 0.667754 0.108091 0.319807 0.0178059
