8 0.0302502 0.0855785 0.0407289 0.0343443 0.782453
5 0.335698 0.761491 0.102447 0.310135 0.742616
3 0.45579 0.666006 0.359516 0.219546 0.339883
3 0.452541 0.648441 0.343757 0.180768 0.295435
3 0.458272 0.63762 0.355253 0.157131 0.167326
3 0.453643 0.710338 0.355497 0.308374 0.101663
5 0.569556 0.65536 0.118231 0.136767 0.0543599
3 0.436415 0.665745 0.311171 0.195442 0.0505272
5 0.560071 0.667798 0.133268 0.164114 0.0463101
5 0.567923 0.660337 0.125966 0.149342 0.0432589
8 0.0278438 0.436624 0.0135868 0.0177481 0.0395532
8 0.0288808 0.439283 0.0154253 0.0221539 0.0252197
3 0.43091 0.673532 0.298284 0.188828 0.0211317
3 0.428734 0.681337 0.29302 0.178248 0.0131911
8 0.0382995 0.439821 0.0317758 0.0235837 0.0131703
