5 0.545065 0.720312 0.0662192 0.24789 0.764082
8 0.075613 0.47481 0.0572614 0.0224845 0.666079
3 0.472742 0.590169 0.227026 0.191687 0.456335
5 0.546055 0.699808 0.0579734 0.194389 0.0617813
8 0.0760734 0.445954 0.0586461 0.0806371 0.0411653
8 0.0757108 0.474767 0.0572754 0.0223293 0.0297308
3 0.217216 0.621177 0.125992 0.0963167 0.0261768
8 0.0763414 0.433727 0.056327 0.101715 0.0196443
5 0.386799 0.660129 0.0274128 0.180833 0.0132292
3 0.47219 0.590555 0.229665 0.18898 0.0118676
5 0.387871 0.678552 0.029732 0.217632 0.010577
8 0.0759513 0.460628 0.0586718 0.0521343 0.0104573
