8 0.0894538 0.558949 0.0779377 0.05523 0.853589
4 0.392058 0.725693 0.135058 0.547279 0.336548
4 0.419583 0.703716 0.0796829 0.519381 0.074549
4 0.442866 0.726524 0.0815324 0.546953 0.0714164
4 0.427054 0.607573 0.0770992 0.302781 0.0662972
4 0.421714 0.661752 0.0743091 0.449706 0.0550759
4 0.425806 0.557501 0.0670786 0.170483 0.0534445
4 0.42931 0.570682 0.0717242 0.234808 0.0474877
4 0.424917 0.643405 0.0702511 0.414812 0.0433419
4 0.442543 0.700284 0.0879686 0.507109 0.0410149
4 0.426646 0.578299 0.0684206 0.175229 0.0395389
4 0.433487 0.600219 0.0708495 0.322035 0.0379954
4 0.420323 0.721096 0.0804052 0.543726 0.0355374
4 0.426479 0.602127 0.0718306 0.267882 0.0338336
4 0.358202 0.695118 0.0720007 0.539714 0.0217659
4 0.426695 0.607407 0.0742011 0.339048 0.0206425
4 0.432081 0.588013 0.0674507 0.311648 0.0154145
4 0.362861 0.714874 0.0778187 0.553112 0.0134214
4 0.39855 0.601871 0.0973723 0.323819 0.0132377
4 0.430274 0.584695 0.0695219 0.269832 0.0122306
4 0.423874 0.529869 0.0631569 0.0880789 0.011517
