4 0.53588 0.749599 0.253715 0.489437 0.935166
8 0.0711456 0.60224 0.0614908 0.0568201 0.865494
3 0.215707 0.40851 0.0900893 0.0448841 0.161894
4 0.27518 0.650728 0.0383363 0.266854 0.152539
4 0.263454 0.756796 0.0519084 0.475406 0.14834
4 0.273948 0.651329 0.0390667 0.322002 0.0873881
3 0.265975 0.443044 0.159798 0.045415 0.0612631
4 0.269767 0.756377 0.0516402 0.469186 0.0596548
4 0.270288 0.754721 0.0527718 0.469869 0.0271507
4 0.262882 0.756371 0.0490015 0.469678 0.0165627
3 0.488989 0.46654 0.250078 0.0414666 0.0143749
7 0.698039 0.476871 0.116292 0.199309 0.0133109
