3 0.512221 0.545664 0.244766 0.0744444 0.849777
8 0.748607 0.543253 0.0689099 0.0353083 0.836179
8 0.960761 0.820595 0.0286637 0.0635233 0.433373
8 0.962085 0.820184 0.030668 0.0652684 0.26218
5 0.583591 0.625239 0.0956745 0.202605 0.14904
5 0.596597 0.599758 0.119192 0.239793 0.123087
5 0.588584 0.629453 0.088947 0.204749 0.0659404
5 0.577418 0.615805 0.0865491 0.172538 0.0408855
8 0.971103 0.820033 0.0485635 0.0635093 0.0286672
5 0.586437 0.617917 0.0841086 0.187787 0.0285568
5 0.594539 0.606997 0.121916 0.233361 0.0242489
7 0.371319 0.611507 0.329706 0.414933 0.0221234
5 0.599502 0.601449 0.0483141 0.145022 0.015714
6 0.38076 0.601022 0.305331 0.349445 0.0146368
5 0.579486 0.626433 0.100243 0.195881 0.0121128
