3 0.272189 0.505863 0.119081 0.0668459 0.843674
8 0.0284701 0.0863358 0.037439 0.0345696 0.783783
3 0.496066 0.489894 0.198294 0.0979885 0.768939
5 0.594128 0.562638 0.110012 0.313558 0.733201
5 0.33071 0.529253 0.0440633 0.202704 0.404822
3 0.496176 0.490059 0.200428 0.0972471 0.291483
5 0.423356 0.495717 0.0606455 0.182121 0.083894
5 0.424345 0.496879 0.0631269 0.183262 0.0670624
5 0.422259 0.489447 0.0592329 0.173983 0.0424766
5 0.421067 0.48594 0.0560159 0.168987 0.0405419
5 0.32976 0.526298 0.0433801 0.194909 0.0209681
