4 0.714953 0.653591 0.313654 0.489903 0.94647
8 0.926454 0.307344 0.0876595 0.0593039 0.880982
4 0.685676 0.661945 0.0693483 0.036258 0.379422
4 0.75779 0.767763 0.227009 0.262027 0.181274
0 0.368674 0.364719 0.315795 0.131711 0.044807
3 0.612926 0.311046 0.113475 0.0457986 0.038813
3 0.620634 0.289535 0.137674 0.0834061 0.038086
3 0.605509 0.316358 0.0942847 0.0399913 0.0361704
3 0.61926 0.290814 0.139103 0.0801297 0.0212468
8 0.685676 0.661945 0.0693483 0.036258 0.0166545
3 0.620141 0.273831 0.144215 0.0909211 0.0129175
0 0.378126 0.34966 0.350287 0.119631 0.0115625
3 0.679143 0.512264 0.178924 0.195007 0.0112483
