4 0.62379 0.608784 0.167928 0.481345 0.937295
8 0.681435 0.213284 0.0505448 0.0884216 0.789364
0 0.445322 0.345223 0.143284 0.130468 0.242218
0 0.450996 0.344486 0.143473 0.132297 0.184629
3 0.550245 0.247166 0.0724592 0.0995095 0.10951
3 0.560067 0.27593 0.0487981 0.050236 0.0577397
3 0.560472 0.279667 0.0476187 0.0455141 0.0576563
3 0.559767 0.280168 0.0472343 0.0454505 0.0286536
4 0.682471 0.143684 0.050534 0.242528 0.0260923
4 0.568297 0.405387 0.0731426 0.060661 0.018126
3 0.55908 0.27696 0.0501287 0.0498436 0.017985
3 0.596699 0.47963 0.0790332 0.0383631 0.0145838
4 0.573231 0.406976 0.0834245 0.060033 0.0134836
