4 0.560876 0.530651 0.20322 0.317467 0.927041
8 0.855252 0.231356 0.0801684 0.0538749 0.893825
3 0.544873 0.533008 0.125258 0.0539657 0.262145
0 0.51813 0.296455 0.145017 0.0678597 0.0915857
0 0.51877 0.297997 0.148255 0.0698407 0.056541
3 0.547346 0.537554 0.121105 0.0596409 0.0301283
0 0.516679 0.383787 0.14396 0.022716 0.021881
0 0.519974 0.383516 0.149356 0.02193 0.021568
3 0.550658 0.543476 0.118941 0.0709676 0.0179862
4 0.49862 0.0579268 0.477368 0.115854 0.0167918
0 0.516259 0.290212 0.145515 0.0602625 0.0126868
0 0.514698 0.372731 0.135128 0.0290821 0.0125964
