4 0.710566 0.572429 0.305825 0.510852 0.959094
8 0.913933 0.305263 0.0994699 0.0597175 0.899612
3 0.67674 0.506411 0.148057 0.0758015 0.305106
3 0.635009 0.217635 0.149813 0.0557784 0.123348
4 0.648653 0.364693 0.190231 0.0295313 0.114979
4 0.648761 0.359798 0.190797 0.0329593 0.0772221
3 0.631217 0.20814 0.159079 0.0721319 0.0295769
3 0.682943 0.430972 0.168167 0.0348623 0.0237772
0 0.342833 0.282491 0.315629 0.142345 0.0195699
3 0.343343 0.319645 0.28379 0.0642019 0.0172634
4 0.651607 0.355882 0.194804 0.0404661 0.0164234
3 0.636045 0.225643 0.146764 0.0474301 0.0127575
0 0.345939 0.27301 0.322455 0.138067 0.0127213
