8 0.784353 0.26104 0.0885464 0.0609712 0.898311
4 0.49743 0.398083 0.0952704 0.0512799 0.742087
4 0.512446 0.466908 0.0771646 0.038684 0.627208
3 0.495784 0.5435 0.155133 0.0881624 0.363829
4 0.567679 0.638706 0.207435 0.425595 0.358089
4 0.555347 0.618237 0.158815 0.0380478 0.341519
4 0.57219 0.704914 0.201599 0.282781 0.305414
4 0.575016 0.722367 0.199829 0.251565 0.208643
4 0.496403 0.395838 0.101442 0.055532 0.172086
0 0.512446 0.466908 0.0771646 0.038684 0.0683149
4 0.567207 0.618537 0.208676 0.459214 0.0460099
0 0.495784 0.5435 0.155133 0.0881624 0.0379807
3 0.497199 0.310033 0.213476 0.103512 0.0215752
7 0.673497 0.344972 0.194649 0.288754 0.0162943
0 0.503256 0.310445 0.188893 0.123547 0.0120842
0 0.57785 0.679577 0.104681 0.0472066 0.0116989
