8 0.653771 0.275015 0.0595485 0.0800441 0.908318
4 0.576023 0.625246 0.104504 0.406797 0.842878
4 0.544277 0.432153 0.0537899 0.0489254 0.508039
3 0.5324 0.365766 0.0680202 0.0698457 0.332915
3 0.555947 0.494907 0.0471376 0.0392071 0.204324
0 0.555947 0.494907 0.0471376 0.0392071 0.1166
0 0.593628 0.738497 0.048929 0.0408901 0.0938877
4 0.574704 0.618064 0.106286 0.423094 0.059965
0 0.600278 0.802604 0.0543857 0.0509747 0.041878
0 0.544277 0.432153 0.0537899 0.0489254 0.0399379
3 0.593628 0.738497 0.048929 0.0408901 0.0351671
3 0.534248 0.371676 0.0654984 0.0729705 0.0292543
3 0.531381 0.362616 0.0687594 0.0661521 0.0237626
4 0.294063 0.115652 0.0148799 0.231303 0.0162139
7 0.577276 0.363873 0.0667889 0.220394 0.013844
