4 0.451151 0.220905 0.231624 0.12543 0.970074
8 0.129906 0.853222 0.0918611 0.0974498 0.889219
8 0.688025 0.946668 0.460748 0.0374172 0.609251
8 0.0284113 0.943225 0.0343705 0.0257706 0.238794
8 0.434417 0.945032 0.737303 0.0338712 0.117022
8 0.618491 0.951928 0.579014 0.0331764 0.0876176
8 0.465167 0.939131 0.903231 0.0436414 0.0686142
3 0.421717 0.352293 0.233577 0.0599685 0.062138
8 0.602987 0.952378 0.608906 0.0334585 0.0475478
8 0.297048 0.942972 0.531943 0.0311793 0.0429971
8 0.488211 0.941842 0.867261 0.0407933 0.0415179
8 0.324314 0.943947 0.575399 0.0338757 0.0396999
8 0.470407 0.94757 0.891698 0.0369878 0.0358982
8 0.995607 0.94406 0.00878659 0.0240793 0.0300878
8 0.551817 0.945759 0.727844 0.0326199 0.0275284
8 0.206373 0.944547 0.288511 0.0345865 0.0222703
8 0.995789 0.94247 0.008422 0.0247244 0.0219027
8 0.993747 0.942722 0.0125062 0.0249655 0.0179916
3 0.167387 0.377737 0.114914 0.0657438 0.0165241
8 0.354208 0.94294 0.61358 0.0357801 0.0144038
8 0.582464 0.944626 0.670414 0.0349348 0.0143448
8 0.025027 0.943244 0.0341036 0.0258895 0.0129226
8 0.471804 0.941608 0.901172 0.0324269 0.0126904
8 0.854879 0.943912 0.118887 0.0317535 0.0122728
8 0.634484 0.954968 0.557234 0.0405941 0.011823
3 0.425204 0.323355 0.241765 0.0976285 0.0107601
