4 0.776814 0.265741 0.171127 0.143091 0.915395
8 0.810918 0.962744 0.378165 0.0411757 0.382273
8 0.0489784 0.958669 0.062973 0.0312944 0.272428
8 0.27291 0.960253 0.52666 0.0457191 0.230552
8 0.383199 0.960709 0.664471 0.0460231 0.188655
8 0.347056 0.960607 0.647882 0.045483 0.138878
8 0.74511 0.963034 0.498282 0.0441641 0.117453
8 0.299875 0.961009 0.565763 0.0477895 0.109739
3 0.574477 0.441675 0.289623 0.0721804 0.0986281
8 0.635757 0.962114 0.701188 0.0479472 0.0961343
8 0.133584 0.894083 0.046665 0.107598 0.0687865
8 0.438834 0.960477 0.641037 0.0451069 0.0658456
3 0.581482 0.55578 0.184845 0.0732554 0.0649251
8 0.468021 0.960393 0.710731 0.044923 0.0575016
8 0.230676 0.959846 0.438235 0.0436996 0.0531406
8 0.780382 0.962452 0.431017 0.0446597 0.0528873
8 0.580241 0.957861 0.839518 0.0421734 0.0517597
8 0.25484 0.95993 0.49501 0.0455247 0.0299895
8 0.700078 0.963319 0.587705 0.0458559 0.0280412
8 0.540169 0.959609 0.849214 0.0439665 0.0277358
8 0.141923 0.892967 0.0625822 0.105438 0.0143042
8 0.155191 0.892426 0.0897879 0.104117 0.0139666
8 0.793014 0.96255 0.413973 0.0492375 0.0123032
8 0.123829 0.961131 0.216142 0.0334094 0.0120128
3 0.316187 0.569512 0.122877 0.0708562 0.0103703
2 0.776814 0.265741 0.171127 0.143091 0.0101672
