3 0.495264 0.635367 0.18277 0.0855324 0.892407
8 0.943875 0.858081 0.0695833 0.0711294 0.878293
8 0.854708 0.738923 0.0539595 0.0351562 0.835319
5 0.449954 0.667101 0.148695 0.179834 0.485661
3 0.554702 0.621176 0.120211 0.0557738 0.398145
5 0.444934 0.666515 0.146985 0.189289 0.339802
5 0.447934 0.665795 0.151369 0.172811 0.139569
3 0.554311 0.61789 0.12599 0.0530054 0.0940938
5 0.423191 0.636812 0.0962249 0.113773 0.0578044
3 0.571774 0.621171 0.0933291 0.0576609 0.0309885
5 0.467341 0.695454 0.119054 0.13196 0.0156402
