8 0.0831335 0.52681 0.107676 0.103275 0.915015
3 0.429819 0.616517 0.300589 0.152666 0.866176
5 0.298184 0.705255 0.0542966 0.265535 0.603458
5 0.50847 0.823296 0.0971713 0.323159 0.302009
5 0.298052 0.69159 0.0545881 0.239975 0.27567
3 0.519756 0.629185 0.179039 0.153547 0.267898
5 0.571305 0.716289 0.191732 0.41228 0.208784
5 0.561092 0.590217 0.0829736 0.14429 0.18102
5 0.561131 0.596675 0.0843892 0.160373 0.0606684
5 0.584078 0.710817 0.180954 0.400432 0.0328403
5 0.554669 0.611406 0.115047 0.201689 0.0250415
5 0.297557 0.684287 0.0516349 0.220513 0.0108228
5 0.518592 0.743621 0.148827 0.470908 0.0106564
