8 0.140214 0.722649 0.0871399 0.101068 0.901687
3 0.604619 0.468291 0.286967 0.145935 0.894093
3 0.290379 0.281433 0.0907308 0.0755354 0.865215
3 0.345593 0.499618 0.118828 0.0909023 0.857245
5 0.704979 0.598944 0.0702005 0.269756 0.740742
5 0.498178 0.540124 0.0776255 0.317409 0.452972
5 0.407422 0.587109 0.0429113 0.30831 0.451992
5 0.404671 0.550408 0.0376632 0.23912 0.0960415
5 0.304393 0.560702 0.0319055 0.152533 0.0536569
5 0.396501 0.493263 0.016823 0.113465 0.0449143
5 0.702966 0.58729 0.0619059 0.226617 0.0417524
5 0.396438 0.487788 0.0146492 0.102831 0.0361248
5 0.500705 0.581036 0.0729153 0.263615 0.0234298
5 0.704414 0.580442 0.0651363 0.22097 0.016766
5 0.304398 0.565566 0.0343387 0.161895 0.0150071
5 0.502164 0.601014 0.0694451 0.207688 0.0142471
5 0.39696 0.497191 0.0192629 0.124952 0.0132759
5 0.39644 0.477518 0.0136411 0.0891832 0.011113
5 0.504265 0.607122 0.068264 0.208315 0.0109608
5 0.402354 0.543931 0.0318997 0.219431 0.0101621
5 0.473023 0.434048 0.0142827 0.0955175 0.0101266
