3 0.647179 0.742784 0.217124 0.0949008 0.882737
8 0.0191457 0.279083 0.0382913 0.0369765 0.770671
8 0.0178017 0.506885 0.0356035 0.0257945 0.556721
3 0.341224 0.673891 0.208389 0.0743945 0.319397
5 0.549338 0.787371 0.0625582 0.307749 0.122915
8 0.0183622 0.475944 0.0367244 0.0862051 0.0653987
8 0.018621 0.484887 0.0372421 0.0741963 0.0620404
5 0.553428 0.772418 0.0466717 0.253787 0.0195744
3 0.34455 0.659992 0.225449 0.0862881 0.0109261
5 0.548669 0.775905 0.0579739 0.266587 0.0101041
8 0.0180945 0.498895 0.036189 0.0416519 0.010061
