3 0.756363 0.331272 0.112535 0.0576691 0.871636
8 0.943563 0.899804 0.0707581 0.0684861 0.663668
8 0.958328 0.891447 0.0829418 0.10112 0.216571
3 0.390667 0.389789 0.380505 0.0583958 0.0837794
8 0.972862 0.869667 0.0542768 0.0578892 0.0701501
8 0.944443 0.896061 0.0734925 0.0982408 0.067008
8 0.973317 0.856973 0.053304 0.0301555 0.0283324
8 0.969859 0.858442 0.0564298 0.0322306 0.0251402
8 0.956713 0.892356 0.0865736 0.10602 0.0199637
8 0.964146 0.87449 0.0677536 0.0671577 0.019874
8 0.966473 0.882845 0.0670532 0.0865879 0.0198475
