5 0.38423 0.686252 0.129354 0.317133 0.860767
8 0.964417 0.192456 0.0533714 0.0359239 0.815903
3 0.510164 0.613624 0.285907 0.134758 0.715232
5 0.623907 0.624057 0.0562666 0.162546 0.0945007
3 0.774776 0.577416 0.18063 0.0761826 0.0528224
5 0.625628 0.616778 0.0508486 0.148502 0.0445265
3 0.77477 0.57204 0.181765 0.0705156 0.0393156
8 0.995032 0.238021 0.00993569 0.0407088 0.0359737
8 0.995799 0.225886 0.00840227 0.0664976 0.0128655
5 0.625087 0.580294 0.043219 0.070991 0.0126361
8 0.995364 0.24962 0.00927199 0.0303281 0.0104514
