8 0.905821 0.602856 0.0989197 0.0652865 0.899997
3 0.398492 0.721325 0.238303 0.107045 0.86903
3 0.671308 0.63127 0.160644 0.078362 0.82223
5 0.29169 0.750258 0.0713575 0.252367 0.43066
5 0.499572 0.769531 0.0362829 0.225315 0.413518
5 0.496593 0.774407 0.0452885 0.237979 0.294625
5 0.613416 0.670996 0.0598411 0.192565 0.190104
5 0.612684 0.675482 0.0650467 0.205848 0.130672
5 0.612999 0.672576 0.0647933 0.203464 0.106761
5 0.295931 0.739175 0.0590188 0.212527 0.105128
5 0.610686 0.666545 0.057824 0.188526 0.0570353
5 0.612472 0.669373 0.0598803 0.196845 0.0559919
5 0.293401 0.729911 0.0595652 0.193237 0.0523372
5 0.291753 0.754631 0.0722025 0.256711 0.021948
5 0.276625 0.677092 0.0386902 0.103082 0.0208544
5 0.275186 0.671466 0.0331713 0.0872436 0.0125373
3 0.671876 0.658874 0.15974 0.13463 0.0120529
3 0.701561 0.494346 0.11132 0.0540897 0.0115383
