8 0.941244 0.83697 0.108368 0.0920775 0.906453
3 0.544836 0.697921 0.254159 0.143854 0.82142
5 0.651378 0.736038 0.0614599 0.234638 0.399563
3 0.259248 0.620524 0.174437 0.0902749 0.354578
5 0.449063 0.778358 0.045097 0.191416 0.197851
5 0.652042 0.731615 0.0466465 0.206763 0.158669
5 0.452581 0.794126 0.0490095 0.236604 0.0735431
5 0.654737 0.732653 0.0551227 0.224144 0.0596104
5 0.448914 0.763758 0.0419385 0.159398 0.0346807
5 0.449715 0.78749 0.0458684 0.197148 0.0314348
5 0.452251 0.78458 0.0484727 0.219596 0.0223816
3 0.257243 0.637806 0.16092 0.0702743 0.0101056
