3 0.484716 0.345156 0.376072 0.0717163 0.880632
8 0.944247 0.971348 0.0847634 0.0331561 0.693867
8 0.957811 0.929065 0.0843783 0.0964929 0.616237
5 0.612992 0.408616 0.0814697 0.114532 0.472137
5 0.609469 0.417681 0.0909096 0.133562 0.41543
3 0.817009 0.333607 0.219873 0.0500924 0.356366
3 0.818176 0.339304 0.213521 0.0464628 0.30258
8 0.952629 0.935326 0.0917588 0.109819 0.292963
5 0.757395 0.368401 0.0680045 0.0616614 0.11369
5 0.359252 0.393981 0.079928 0.0824859 0.0599285
3 0.816246 0.330001 0.223329 0.0508736 0.0581576
5 0.358325 0.408498 0.0878051 0.118253 0.0432065
3 0.820186 0.348248 0.203041 0.0432517 0.0222454
5 0.75317 0.361606 0.0659263 0.0532231 0.0124548
