3 0.234316 0.567204 0.147453 0.0696063 0.852469
8 0.065003 0.406881 0.0581128 0.024582 0.738661
5 0.612925 0.583295 0.0851201 0.130193 0.655835
3 0.51665 0.506085 0.301058 0.103388 0.511834
3 0.515955 0.507031 0.300711 0.103505 0.285864
5 0.399223 0.60353 0.0452352 0.22093 0.272054
5 0.277648 0.609721 0.0338044 0.0844858 0.229638
5 0.277807 0.617122 0.0403197 0.103239 0.175721
5 0.401212 0.608948 0.0359697 0.209904 0.143084
5 0.399539 0.594236 0.0393219 0.206234 0.054933
5 0.4005 0.603381 0.038414 0.21815 0.0433764
8 0.0638113 0.379363 0.0616185 0.0800903 0.024092
