8 0.142082 0.148773 0.088976 0.077255 0.886008
3 0.496789 0.594802 0.40526 0.117736 0.23024
0 0.501563 0.566144 0.428189 0.186503 0.160531
5 0.587426 0.681162 0.219513 0.274799 0.092101
0 0.503083 0.558624 0.437 0.189532 0.0846644
5 0.648417 0.59922 0.0978516 0.0981698 0.0629302
0 0.499973 0.570656 0.41772 0.18586 0.050104
0 0.504337 0.559667 0.434052 0.180074 0.0302062
5 0.647632 0.59459 0.0975261 0.0861094 0.0248138
5 0.647435 0.622044 0.0942604 0.139883 0.0183939
3 0.499973 0.570656 0.41772 0.18586 0.0182774
0 0.508767 0.549325 0.44143 0.191994 0.0149608
0 0.499425 0.567539 0.423453 0.177744 0.0147345
3 0.499425 0.567539 0.423453 0.177744 0.0134905
5 0.644565 0.610032 0.096039 0.111717 0.0119993
5 0.649003 0.612997 0.0994627 0.12511 0.0110453
0 0.507164 0.550026 0.443998 0.198297 0.010302
5 0.595991 0.67351 0.21433 0.259945 0.0102643
