4 0.277319 0.63797 0.170505 0.475215 0.947563
4 0.534484 0.547697 0.227908 0.408751 0.927934
8 0.134892 0.175554 0.0625621 0.0802877 0.894533
3 0.605885 0.435479 0.254507 0.124005 0.721536
3 0.304012 0.32693 0.10949 0.0665 0.091969
3 0.562225 0.442777 0.328938 0.125163 0.0531729
3 0.284611 0.586742 0.153256 0.0620173 0.0306169
3 0.563268 0.448545 0.317051 0.117131 0.0207401
5 0.636912 0.601221 0.0534799 0.227801 0.0156532
3 0.50811 0.466756 0.161164 0.0756249 0.0128702
3 0.555274 0.437413 0.353935 0.128077 0.0122015
