8 0.149981 0.468206 0.109503 0.104228 0.924745
3 0.616987 0.714453 0.13619 0.0721694 0.847271
3 0.457452 0.691258 0.0916422 0.0584929 0.831905
5 0.693126 0.773834 0.118643 0.204737 0.410154
5 0.460067 0.769808 0.0849998 0.165419 0.226663
5 0.590279 0.752797 0.0841116 0.14168 0.167883
5 0.702005 0.790141 0.101977 0.172226 0.0658559
5 0.461562 0.764832 0.0876515 0.160044 0.0526421
5 0.457259 0.761127 0.0785935 0.138315 0.0470781
5 0.69206 0.776033 0.121097 0.200189 0.0377296
5 0.695685 0.786184 0.109384 0.174459 0.019727
5 0.56268 0.709401 0.0266239 0.0541351 0.0108225
5 0.591613 0.75184 0.0835715 0.154503 0.010542
