8 0.329477 0.175889 0.0945783 0.109306 0.904735
3 0.527835 0.618276 0.128711 0.0780555 0.770449
5 0.451589 0.633969 0.0511893 0.154007 0.144084
5 0.446585 0.650103 0.068552 0.191849 0.0968031
5 0.45498 0.623649 0.0364542 0.121426 0.0766229
5 0.436472 0.674981 0.088418 0.24113 0.06812
5 0.559577 0.657568 0.0619378 0.11402 0.0455674
5 0.556841 0.665083 0.0707574 0.131611 0.0444927
5 0.431547 0.687407 0.0981737 0.263444 0.0392488
5 0.443967 0.664209 0.0760543 0.218553 0.0390712
3 0.522531 0.596591 0.151525 0.126509 0.0229411
5 0.565181 0.644989 0.0498504 0.083813 0.018707
