4 0.652005 0.428927 0.269317 0.412179 0.949717
8 0.0507411 0.921023 0.101482 0.113677 0.898673
3 0.604538 0.511001 0.199797 0.0772117 0.881146
3 0.380787 0.489223 0.126501 0.0760865 0.336016
3 0.380007 0.484356 0.128558 0.0788829 0.271562
3 0.37983 0.465178 0.131139 0.0667943 0.0420726
5 0.682162 0.533569 0.0741022 0.243148 0.0394339
5 0.531582 0.479616 0.0542705 0.0870412 0.0377595
4 0.706662 0.831563 0.354505 0.328613 0.0278813
5 0.530366 0.476073 0.0438804 0.0883408 0.020556
5 0.79072 0.832159 0.182197 0.333539 0.0157623
5 0.679867 0.5565 0.0567693 0.217443 0.011701
