8 0.869346 0.24439 0.145853 0.123872 0.929949
3 0.416302 0.424295 0.185714 0.0908646 0.865165
5 0.487647 0.436555 0.0657654 0.169797 0.433422
5 0.340051 0.413801 0.02644 0.0820313 0.158283
5 0.505676 0.536015 0.101853 0.378979 0.140659
5 0.34451 0.421546 0.0372867 0.101569 0.0546301
5 0.343533 0.41623 0.0344348 0.0877877 0.0360079
5 0.338344 0.408237 0.0216828 0.0719297 0.0227537
5 0.346295 0.420227 0.0408867 0.0972354 0.0187293
5 0.349573 0.433444 0.0480218 0.125782 0.0183877
5 0.507599 0.548569 0.105628 0.401863 0.0174372
5 0.349087 0.437761 0.0502824 0.1391 0.0156165
