8 0.0483708 0.0874325 0.0559439 0.0324473 0.843933
3 0.385179 0.447123 0.171479 0.0612308 0.816416
5 0.444623 0.497018 0.0426958 0.0931492 0.459097
5 0.303688 0.485053 0.0522628 0.237228 0.305436
5 0.302586 0.497537 0.052911 0.24853 0.139628
5 0.443727 0.491863 0.0382613 0.0832818 0.0805402
5 0.301611 0.490895 0.0673475 0.239495 0.0468974
5 0.302748 0.455679 0.0477785 0.162791 0.0386868
5 0.44615 0.50096 0.0506405 0.104315 0.0270409
6 0.529012 0.426876 0.186581 0.275581 0.0167923
5 0.446253 0.507709 0.0590441 0.119768 0.0150141
5 0.29005 0.492653 0.0710342 0.246142 0.0101841
