3 0.575352 0.472687 0.199606 0.0756509 0.852166
3 0.362694 0.432566 0.139954 0.0489055 0.837492
8 0.815688 0.919992 0.0496085 0.0357743 0.803036
5 0.659933 0.524675 0.0671376 0.141011 0.630805
5 0.488219 0.502214 0.067737 0.155453 0.544498
5 0.674891 0.505984 0.099795 0.194005 0.242375
5 0.485369 0.495891 0.0591598 0.133278 0.0952289
5 0.311345 0.519201 0.0251725 0.180469 0.0519287
5 0.659464 0.528988 0.0696197 0.14683 0.0428107
5 0.495868 0.575963 0.0956449 0.31929 0.0408756
5 0.312298 0.533674 0.0301189 0.213049 0.0305909
5 0.310079 0.5046 0.0208269 0.147443 0.0303954
