3 0.599477 0.393092 0.224981 0.0704842 0.838606
8 0.181259 0.841441 0.0668181 0.0358041 0.798604
5 0.491019 0.442757 0.124976 0.229717 0.133308
5 0.492103 0.431494 0.123505 0.213066 0.132886
3 0.477074 0.356521 0.161814 0.0474038 0.128859
5 0.492824 0.437561 0.124698 0.21742 0.117261
5 0.500737 0.426039 0.109277 0.185757 0.101055
5 0.671947 0.415215 0.0746844 0.152206 0.0992487
5 0.675651 0.408005 0.071079 0.123927 0.0753404
5 0.66914 0.441919 0.0758739 0.117947 0.0543272
5 0.500746 0.531378 0.129952 0.393894 0.0442271
5 0.6794 0.373853 0.0601726 0.0533218 0.0394155
5 0.49885 0.432148 0.106872 0.193702 0.0385258
5 0.665373 0.444344 0.0573749 0.0920104 0.0380206
5 0.679883 0.391382 0.0643905 0.0840834 0.0341463
5 0.666879 0.436929 0.0577856 0.0933502 0.0322842
5 0.675879 0.37793 0.0587247 0.0602404 0.0270946
5 0.680868 0.38195 0.0611222 0.0621421 0.0261961
5 0.670241 0.418752 0.0590255 0.119859 0.0259685
5 0.499798 0.415006 0.104769 0.16162 0.0238718
5 0.67069 0.36847 0.0518709 0.0523181 0.0220501
5 0.669852 0.420962 0.0740372 0.150339 0.019272
5 0.664099 0.451752 0.0651232 0.110272 0.0153292
5 0.494582 0.476809 0.131686 0.293299 0.0139586
5 0.501069 0.414955 0.103607 0.161235 0.0137612
5 0.66166 0.46172 0.0746757 0.13614 0.010778
