3 0.550006 0.458156 0.219442 0.0883708 0.847882
3 0.322299 0.422155 0.134247 0.0506312 0.843707
8 0.237735 0.942268 0.0476916 0.0360611 0.800185
5 0.661545 0.522255 0.106371 0.292027 0.714445
5 0.469434 0.503351 0.0798063 0.171523 0.271321
5 0.478442 0.541369 0.102176 0.254544 0.185141
5 0.465113 0.48968 0.0699929 0.141242 0.0946991
5 0.459227 0.479071 0.0572247 0.113439 0.0507977
5 0.296063 0.628754 0.0558717 0.37787 0.0341043
5 0.639307 0.533519 0.0575168 0.179471 0.0179791
5 0.295658 0.61497 0.0547821 0.360495 0.0171671
5 0.646954 0.505117 0.0613956 0.19707 0.0107291
5 0.638356 0.544678 0.0598585 0.204764 0.0102101
