3 0.457735 0.403019 0.259068 0.0786925 0.858575
8 0.139365 0.837554 0.0560578 0.0349802 0.827523
6 0.599972 0.463567 0.175457 0.291745 0.629856
8 0.0394604 0.967085 0.0789208 0.0172957 0.604595
7 0.239034 0.480168 0.311281 0.415221 0.288989
8 0.039111 0.967636 0.0782221 0.0170393 0.0666679
8 0.0399698 0.93765 0.0799396 0.0762428 0.065109
7 0.260433 0.48449 0.280663 0.410537 0.0258996
7 0.253915 0.439993 0.274845 0.327844 0.0189191
8 0.0399979 0.964037 0.0799959 0.0244521 0.0116175
8 0.0390342 0.933789 0.0780683 0.085517 0.0112077
