8 0.0688792 0.116714 0.137758 0.122348 0.918232
8 0.407308 0.946166 0.0423458 0.035968 0.8365
4 0.470331 0.600453 0.593185 0.136957 0.822224
0 0.485953 0.650807 0.100173 0.0173562 0.0686285
7 0.302927 0.386293 0.222846 0.295194 0.0308308
0 0.522754 0.643135 0.108066 0.0243399 0.0291357
4 0.470054 0.618658 0.583812 0.094867 0.0288143
0 0.493379 0.643222 0.126282 0.0239706 0.0220864
0 0.445531 0.651263 0.0635074 0.0161571 0.0180721
0 0.509858 0.64319 0.121233 0.0243107 0.0158902
4 0.658075 0.618054 0.213713 0.0652117 0.0158665
4 0.475378 0.625733 0.577386 0.0801293 0.0157244
0 0.510859 0.650509 0.105448 0.0177116 0.011456
