8 0.103148 0.0611266 0.050175 0.0370467 0.797584
0 0.611367 0.560384 0.115061 0.0404325 0.686829
0 0.616099 0.620165 0.133133 0.046592 0.603643
0 0.61095 0.58984 0.143515 0.102444 0.427465
0 0.536656 0.414876 0.0896884 0.051934 0.275427
0 0.611154 0.560915 0.120819 0.0400557 0.184005
0 0.554525 0.370541 0.373415 0.135952 0.130091
0 0.614757 0.620216 0.132914 0.0483833 0.0433193
0 0.583694 0.468401 0.147128 0.035895 0.0306779
0 0.555466 0.498756 0.280829 0.241853 0.0231013
0 0.554219 0.36048 0.37734 0.131165 0.0219122
0 0.63328 0.558764 0.0894915 0.0363267 0.0126272
