0 0.355669 0.681051 0.192982 0.0418015 0.930707
0 0.370991 0.741773 0.177219 0.0492677 0.803587
8 0.0359309 0.0879062 0.0420606 0.0335547 0.788902
8 0.0118276 0.130686 0.0236552 0.0145616 0.560096
0 0.333639 0.607236 0.237194 0.0465925 0.323703
3 0.333639 0.607236 0.237194 0.0465925 0.175929
0 0.336013 0.662429 0.264433 0.287271 0.14357
8 0.0138772 0.124138 0.0277544 0.0275574 0.047763
0 0.369867 0.741383 0.180664 0.0485514 0.0335967
0 0.472104 0.50244 0.0661532 0.0665788 0.033365
3 0.336013 0.662429 0.264433 0.287271 0.0249112
