8 0.033022 0.193418 0.066044 0.100615 0.884422
3 0.175032 0.542146 0.0803723 0.0603678 0.878367
8 0.0552167 0.397276 0.0344397 0.0348411 0.79766
0 0.479346 0.538516 0.204006 0.0947542 0.761204
0 0.556375 0.862105 0.0727328 0.0599223 0.752778
0 0.419578 0.560748 0.139094 0.0873042 0.69407
0 0.528633 0.717879 0.0598739 0.0432669 0.693578
0 0.551157 0.794139 0.0579657 0.042329 0.680076
0 0.478395 0.541692 0.199254 0.0885511 0.440126
0 0.54121 0.76536 0.0787285 0.255116 0.399587
0 0.47939 0.555145 0.184405 0.0666338 0.133748
0 0.479703 0.547321 0.188291 0.0778067 0.0330822
0 0.568405 0.527975 0.152916 0.10199 0.0253589
0 0.569624 0.541441 0.132867 0.0777532 0.0242732
0 0.423091 0.542486 0.175091 0.101649 0.0179982
0 0.491606 0.515086 0.293928 0.144892 0.01711
0 0.50597 0.535486 0.155261 0.0938206 0.0111847
