3 0.601496 0.691225 0.273479 0.166792 0.852431
3 0.261172 0.690585 0.206634 0.124221 0.830232
5 0.523476 0.794143 0.125437 0.369028 0.816673
8 0.0457188 0.422974 0.0372159 0.032735 0.764797
5 0.322518 0.747167 0.0852151 0.432919 0.756871
5 0.714668 0.718495 0.0623198 0.291844 0.675887
5 0.188019 0.759411 0.0533834 0.261911 0.433469
5 0.187014 0.761876 0.0498528 0.216271 0.277648
5 0.187176 0.752352 0.0501294 0.21878 0.091679
5 0.184184 0.756402 0.0490527 0.265409 0.0646951
5 0.55762 0.900728 0.0647505 0.159233 0.0376034
5 0.716076 0.701842 0.056756 0.255635 0.0222986
5 0.726501 0.774772 0.03412 0.218878 0.0151617
5 0.345501 0.766906 0.0421143 0.307325 0.0119531
5 0.342222 0.82617 0.0368204 0.315551 0.0105669
