8 0.0738218 0.24291 0.108323 0.0721343 0.911309
3 0.501797 0.581696 0.295941 0.151218 0.854815
5 0.387299 0.627088 0.110252 0.447775 0.455029
5 0.581732 0.480414 0.0986483 0.196119 0.416957
5 0.412129 0.634436 0.160029 0.466204 0.392433
5 0.389816 0.632213 0.114567 0.46027 0.374034
5 0.581919 0.493997 0.100946 0.233586 0.350868
5 0.58257 0.538841 0.121275 0.315723 0.0782278
5 0.580962 0.512809 0.106077 0.270726 0.0536846
5 0.581537 0.601438 0.125263 0.442692 0.0479616
5 0.581633 0.495907 0.106601 0.167477 0.0410416
5 0.582101 0.524888 0.114419 0.293869 0.0342298
5 0.582199 0.566022 0.124125 0.362263 0.0170384
5 0.581612 0.484286 0.103172 0.189137 0.0164316
5 0.582548 0.508698 0.10859 0.158498 0.011036
