8 0.060925 0.964004 0.120863 0.0708291 0.891344
3 0.513338 0.670324 0.324664 0.160473 0.845936
8 0.120873 0.0439399 0.0376614 0.0334945 0.793488
5 0.331547 0.671712 0.0895386 0.450235 0.625296
5 0.600016 0.58808 0.0988389 0.147991 0.302357
5 0.437411 0.754215 0.140801 0.346648 0.210172
5 0.337261 0.666764 0.0988782 0.448467 0.0734759
5 0.602809 0.609309 0.124759 0.180998 0.052583
5 0.602382 0.597114 0.113142 0.161154 0.0303459
5 0.320925 0.76086 0.0675171 0.220196 0.0166569
5 0.323315 0.73402 0.0663799 0.326233 0.0154197
