8 0.13517 0.206084 0.0997115 0.103513 0.91214
3 0.618603 0.56173 0.17921 0.0927289 0.875242
3 0.370472 0.514844 0.132733 0.0691779 0.710037
5 0.683174 0.603352 0.0406592 0.167763 0.122077
5 0.40061 0.596704 0.0479391 0.181619 0.0952944
5 0.397378 0.607846 0.0466976 0.202394 0.0885548
5 0.400486 0.628571 0.0542643 0.251599 0.0733151
5 0.685035 0.595383 0.0416782 0.166949 0.071777
5 0.680311 0.63225 0.0408425 0.143599 0.0628346
5 0.681602 0.620546 0.0393925 0.145841 0.0570503
5 0.686163 0.59377 0.05465 0.20617 0.0372853
3 0.342229 0.397675 0.0906045 0.0526986 0.030343
5 0.398105 0.664765 0.0598473 0.324389 0.0276595
5 0.395768 0.623584 0.0437946 0.235578 0.0157175
5 0.536317 0.538277 0.0189907 0.0763826 0.0150762
