8 0.930215 0.908343 0.108571 0.0915381 0.899298
3 0.745599 0.48001 0.175054 0.0875791 0.862933
3 0.447978 0.518995 0.293383 0.14676 0.862837
5 0.308197 0.577558 0.0929877 0.288229 0.734362
5 0.684872 0.573334 0.0241834 0.179913 0.324445
5 0.684839 0.591693 0.025943 0.216794 0.284578
5 0.687967 0.595647 0.0284937 0.223876 0.0933126
5 0.687764 0.574194 0.02562 0.181857 0.0585802
5 0.68231 0.592931 0.0299166 0.220085 0.0303671
5 0.324641 0.578556 0.0595305 0.21332 0.027863
5 0.662914 0.690402 0.0758472 0.409624 0.0193178
5 0.323433 0.571923 0.0606463 0.207507 0.0182317
