8 0.872738 0.137447 0.0646444 0.0703847 0.886571
3 0.466383 0.594774 0.174506 0.0888345 0.875339
3 0.694089 0.429445 0.0819192 0.0595644 0.867034
5 0.38257 0.61343 0.0814585 0.220658 0.5676
3 0.728213 0.652586 0.109986 0.0732277 0.381684
5 0.54517 0.639902 0.0270105 0.218617 0.333882
5 0.5449 0.623336 0.0241215 0.183576 0.317611
5 0.396393 0.632573 0.0568709 0.171055 0.115573
5 0.69811 0.749615 0.0719489 0.333383 0.0930542
5 0.54506 0.643187 0.0310311 0.224281 0.072422
5 0.370362 0.559353 0.0471452 0.106218 0.0605048
5 0.367883 0.554925 0.0450056 0.0983068 0.0228162
5 0.373217 0.568172 0.0545005 0.126678 0.01434
5 0.689677 0.697922 0.0420194 0.220833 0.0114613
