8 0.874456 0.772636 0.198073 0.134522 0.927635
3 0.455839 0.527292 0.352412 0.130884 0.874208
3 0.82882 0.405072 0.111779 0.0617459 0.843889
5 0.336345 0.590973 0.108679 0.220887 0.766374
5 0.585647 0.627321 0.0965596 0.327867 0.601604
5 0.584098 0.629257 0.0910749 0.326005 0.494568
5 0.33688 0.589903 0.106102 0.201017 0.172201
5 0.573162 0.655094 0.0641201 0.21682 0.0939288
5 0.571055 0.667932 0.0653623 0.239939 0.0163412
5 0.357845 0.638298 0.0744973 0.154975 0.0153983
5 0.353198 0.629899 0.0789729 0.154233 0.0107508
