3 0.629171 0.622295 0.206334 0.101649 0.877
3 0.373494 0.630728 0.151699 0.0785103 0.823402
8 0.906082 0.858611 0.0411861 0.0370308 0.785755
5 0.714311 0.692693 0.0519252 0.16763 0.129163
5 0.54565 0.642688 0.0894792 0.204839 0.0579598
5 0.547279 0.644076 0.0907431 0.204435 0.0515644
5 0.715266 0.699858 0.0555039 0.173696 0.048303
5 0.551796 0.655494 0.0862281 0.191231 0.0382738
5 0.713018 0.686969 0.0450455 0.141152 0.0266056
5 0.551979 0.647053 0.0797308 0.183644 0.0173005
5 0.455009 0.737417 0.0643709 0.333384 0.0125427
