8 0.933486 0.56623 0.110485 0.0874013 0.915961
3 0.447894 0.635654 0.12178 0.0831144 0.869891
3 0.543772 0.585314 0.117381 0.0573064 0.833037
5 0.595916 0.665579 0.0518478 0.593143 0.579971
3 0.532157 0.620168 0.0922992 0.17378 0.223123
5 0.542229 0.663417 0.122101 0.583466 0.153521
5 0.58022 0.66736 0.0592213 0.593767 0.122544
5 0.591439 0.636445 0.0547281 0.53419 0.0588293
5 0.575395 0.636312 0.0744445 0.537013 0.0331369
5 0.586634 0.567966 0.0541801 0.174634 0.0186402
5 0.592199 0.543141 0.0648833 0.205383 0.0175397
