8 0.0513149 0.191229 0.10263 0.109402 0.900667
3 0.42321 0.898763 0.2637 0.117885 0.852253
3 0.394399 0.814456 0.139163 0.0723104 0.141763
5 0.51226 0.897486 0.123858 0.186716 0.0729496
5 0.530951 0.887573 0.076263 0.159956 0.0544626
3 0.396024 0.81045 0.138013 0.0674751 0.0525114
5 0.31634 0.91402 0.0435731 0.152552 0.0330846
3 0.391095 0.815139 0.144613 0.0757064 0.0271838
5 0.316886 0.918464 0.0465192 0.163071 0.0156466
3 0.392578 0.810906 0.14145 0.0691187 0.0103404
5 0.316804 0.903404 0.041489 0.128418 0.0102191
