8 0.935149 0.403055 0.128793 0.120447 0.931001
8 0.954181 0.00440061 0.0738119 0.00880123 0.357196
8 0.374021 0.0050089 0.132943 0.0100178 0.0926385
8 0.077729 0.00460213 0.129922 0.00920426 0.0566948
8 0.615021 0.00540541 0.182694 0.0108108 0.0484386
8 0.215911 0.00501476 0.174864 0.0100295 0.0484163
8 0.0896383 0.00490383 0.157711 0.00980766 0.0441609
8 0.45546 0.00530762 0.216647 0.0106152 0.0369676
8 0.738866 0.00538234 0.17679 0.0107647 0.0356196
8 0.882396 0.00524626 0.220963 0.0104925 0.0345318
8 0.754675 0.0053009 0.211177 0.0106018 0.0305034
8 0.582877 0.00550179 0.232211 0.0110036 0.0252007
8 0.832835 0.00529477 0.188574 0.0105895 0.023843
8 0.187146 0.0152408 0.367084 0.0167124 0.0237457
8 0.428196 0.00542567 0.236636 0.0108513 0.0236043
8 0.523038 0.00447773 0.10579 0.00895545 0.0229172
8 0.140753 0.00555854 0.281506 0.0111171 0.0219069
8 0.171122 0.00522931 0.262163 0.0104586 0.0202383
8 0.296525 0.00442567 0.0929481 0.00885134 0.0190289
8 0.284522 0.00455628 0.105244 0.00911256 0.0188962
8 0.596249 0.00563351 0.219349 0.011267 0.0188005
8 0.654778 0.00459767 0.0914563 0.00919534 0.0166282
8 0.787964 0.00511368 0.214954 0.0102274 0.0160261
8 0.949577 0.00478749 0.0825955 0.00957498 0.01583
8 0.240578 0.00460965 0.135933 0.0092193 0.0137291
8 0.636265 0.00506818 0.12999 0.0101364 0.0136057
8 0.853147 0.00516509 0.216759 0.0103302 0.0131327
8 0.512391 0.00458082 0.100682 0.00916164 0.0126923
8 0.500434 0.00475045 0.106597 0.0095009 0.0120042
8 0.14864 0.00522455 0.281666 0.0104491 0.0111292
8 0.391744 0.00499292 0.14997 0.00998584 0.0110937
8 0.0580613 0.00433612 0.0847157 0.00867224 0.0109573
8 0.108208 0.00525448 0.200561 0.010509 0.0104133
