3 0.558862 0.550973 0.356172 0.127658 0.878067
8 0.0712692 0.158343 0.0326913 0.0344386 0.651399
5 0.689362 0.667009 0.0849261 0.231878 0.629443
5 0.424334 0.668214 0.0485975 0.200795 0.476322
8 0.0649235 0.186215 0.0617002 0.0970839 0.432386
8 0.0639628 0.21934 0.0646806 0.0308747 0.158897
5 0.425356 0.675726 0.0522497 0.222567 0.126035
5 0.425615 0.677189 0.0549524 0.225386 0.10105
5 0.425077 0.673203 0.0503973 0.208714 0.0360684
8 0.0639914 0.203172 0.0656185 0.0617695 0.0322514
5 0.688212 0.661045 0.0818327 0.215615 0.0266626
