8 0.0863295 0.446427 0.0994868 0.0936824 0.91082
3 0.509059 0.486655 0.222095 0.0870812 0.850262
5 0.591996 0.498069 0.0512568 0.155393 0.308827
5 0.420247 0.571434 0.0976166 0.314077 0.184702
5 0.418963 0.542849 0.0901697 0.273782 0.150559
5 0.417028 0.524561 0.0914028 0.246208 0.113698
5 0.591951 0.491407 0.0475105 0.134511 0.112128
5 0.420448 0.568484 0.0953212 0.316186 0.0699502
5 0.589934 0.456656 0.0445714 0.0710464 0.0353662
5 0.425167 0.540059 0.0711311 0.19634 0.0321216
5 0.424454 0.528899 0.0709784 0.188831 0.0249043
5 0.420064 0.561702 0.0919766 0.306315 0.0179392
5 0.422215 0.519361 0.0718732 0.193575 0.0171165
5 0.590859 0.463751 0.0450781 0.0756742 0.0157531
5 0.589375 0.5003 0.0545847 0.158761 0.0156886
