3 0.551292 0.533408 0.201919 0.0792297 0.862006
3 0.319203 0.513103 0.130597 0.0501641 0.83792
8 0.216485 0.139648 0.0430839 0.0337865 0.798129
5 0.453269 0.56458 0.047709 0.140493 0.716575
8 0.180956 0.189153 0.0673489 0.0237492 0.644001
5 0.622302 0.594386 0.0589075 0.137585 0.624463
5 0.368426 0.538968 0.0677072 0.13387 0.319701
5 0.622734 0.589122 0.0531213 0.125155 0.0754806
5 0.366376 0.547517 0.0667931 0.147591 0.0487087
5 0.365933 0.535811 0.0553234 0.106679 0.0486576
8 0.741348 0.993718 0.0927038 0.0122016 0.0478676
8 0.182055 0.165386 0.0723351 0.075082 0.0411474
5 0.36849 0.537472 0.0653057 0.128248 0.0358454
5 0.368688 0.54537 0.0742784 0.149501 0.0121747
