8 0.122583 0.922933 0.166559 0.10436 0.923733
3 0.586523 0.608025 0.288727 0.09422 0.859701
3 0.263276 0.593041 0.163396 0.0593338 0.837183
5 0.479447 0.651778 0.0726582 0.178442 0.407478
5 0.697262 0.660841 0.0514869 0.135428 0.24466
5 0.320341 0.648291 0.059297 0.180487 0.11702
5 0.480812 0.650012 0.0852056 0.193909 0.0812647
5 0.476674 0.640095 0.0660697 0.162569 0.0510142
5 0.695564 0.664305 0.0478907 0.129801 0.0368329
5 0.698277 0.648985 0.0455896 0.113071 0.0301159
5 0.322392 0.629827 0.0500711 0.136432 0.0268968
5 0.320311 0.667353 0.0574505 0.225363 0.0203194
5 0.696104 0.653166 0.0427474 0.104427 0.0147994
5 0.325343 0.617388 0.0393341 0.105557 0.0125348
5 0.329781 0.607172 0.035799 0.0932687 0.0111901
