3 0.499951 0.437377 0.153112 0.0585617 0.841188
8 0.455561 0.0732056 0.0424121 0.0347739 0.804677
8 0.0954952 0.810464 0.0665626 0.0268882 0.744113
5 0.404465 0.511393 0.106899 0.21334 0.469137
5 0.410737 0.497338 0.0766288 0.176582 0.353499
5 0.535646 0.493781 0.091029 0.105693 0.258569
5 0.40589 0.509594 0.0847636 0.198356 0.230127
5 0.55049 0.475372 0.142281 0.167996 0.174696
5 0.545792 0.510168 0.145871 0.228768 0.162296
5 0.536991 0.516337 0.147462 0.222699 0.0491647
5 0.414592 0.482232 0.0666434 0.140431 0.0465258
5 0.539619 0.481198 0.0811043 0.0956442 0.0293477
5 0.418349 0.470015 0.0549115 0.108016 0.0187173
