8 0.0459656 0.85782 0.0919312 0.109038 0.862333
3 0.410508 0.503171 0.292119 0.0934682 0.837814
8 0.755244 0.303651 0.0635934 0.0346289 0.810872
3 0.293445 0.503945 0.189351 0.0590401 0.568846
5 0.533589 0.514588 0.0857835 0.183793 0.44959
5 0.536407 0.503537 0.0822879 0.164692 0.240519
5 0.53359 0.518752 0.100267 0.203757 0.199493
5 0.295924 0.583336 0.0682799 0.179432 0.188242
5 0.294312 0.576195 0.0630622 0.182304 0.0890287
5 0.289047 0.554319 0.050149 0.178271 0.0517014
5 0.282409 0.556618 0.091861 0.212089 0.0345157
5 0.293441 0.5658 0.0585022 0.187022 0.0233454
5 0.294439 0.5516 0.0503629 0.179785 0.0202425
5 0.289049 0.526674 0.0462566 0.169273 0.0183504
