3 0.489283 0.500355 0.335699 0.092296 0.8438
8 0.9392 0.287605 0.05761 0.0702604 0.825204
8 0.866839 0.124665 0.0651604 0.0347276 0.806342
5 0.40108 0.628865 0.116118 0.235637 0.619282
5 0.400041 0.620582 0.10532 0.214888 0.2782
5 0.612045 0.571697 0.104783 0.266988 0.15842
5 0.616519 0.535921 0.0977483 0.196173 0.152588
5 0.606978 0.556524 0.0827245 0.18936 0.120822
5 0.619014 0.661875 0.112953 0.435492 0.0865503
5 0.617595 0.653328 0.109087 0.424015 0.0641949
5 0.613564 0.566139 0.102822 0.257904 0.016302
5 0.615549 0.552439 0.102355 0.231711 0.0159562
5 0.730134 0.539676 0.02641 0.135547 0.0100559
