8 0.970334 0.910539 0.0593323 0.0913671 0.884049
3 0.485862 0.811796 0.151894 0.144065 0.827818
5 0.423191 0.836427 0.0295774 0.219225 0.148568
3 0.751813 0.582622 0.146487 0.0779664 0.0866804
3 0.765239 0.792718 0.120086 0.168351 0.0515983
5 0.549825 0.791168 0.0476436 0.359515 0.0358412
5 0.545665 0.802194 0.0424582 0.372565 0.0342159
5 0.423297 0.827675 0.028266 0.226961 0.0335049
5 0.544918 0.848814 0.0325252 0.285757 0.0251261
5 0.423188 0.817762 0.0276809 0.229722 0.0231114
5 0.545469 0.83252 0.0310261 0.26874 0.0206384
5 0.425537 0.833415 0.0289529 0.214031 0.0159551
5 0.54214 0.824014 0.0395467 0.334982 0.0104363
5 0.423133 0.829537 0.0371722 0.242976 0.0100459
