8 0.883487 0.39006 0.0818296 0.0710465 0.90803
3 0.430694 0.645948 0.225465 0.155592 0.892234
3 0.70085 0.446828 0.0933629 0.0640015 0.813723
5 0.531391 0.698707 0.0403521 0.338655 0.367991
5 0.537873 0.751181 0.0498248 0.446068 0.109651
5 0.534971 0.75079 0.0536279 0.438422 0.023807
5 0.52758 0.670623 0.0342097 0.272743 0.0205238
5 0.346002 0.718548 0.0506768 0.130624 0.0178196
5 0.535177 0.70483 0.0434019 0.361417 0.0164096
5 0.53167 0.657488 0.0325552 0.272709 0.0153741
5 0.53204 0.725072 0.0328433 0.298381 0.014093
5 0.346521 0.708337 0.0415901 0.105029 0.0133399
5 0.347032 0.730568 0.0588083 0.161017 0.0129495
