8 0.149816 0.133904 0.125716 0.0893695 0.920089
3 0.300715 0.540436 0.185943 0.0608233 0.87384
5 0.275349 0.512631 0.149802 0.303956 0.545937
5 0.241688 0.548971 0.0702475 0.206318 0.253959
7 0.216844 0.509931 0.229183 0.332582 0.0547719
5 0.398593 0.603541 0.0831431 0.31148 0.0319612
5 0.401289 0.574807 0.0949073 0.358721 0.0308116
5 0.387837 0.626605 0.0610481 0.231409 0.0206524
5 0.387821 0.617353 0.0618621 0.237902 0.0186191
5 0.24465 0.54243 0.0755672 0.196272 0.0171946
7 0.215935 0.502184 0.232251 0.340264 0.0138409
