3 0.459272 0.699055 0.269822 0.0996027 0.869935
8 0.0920003 0.126276 0.0472423 0.0358327 0.778092
8 0.0761685 0.316056 0.0512723 0.0163567 0.710772
5 0.322371 0.738965 0.176416 0.35061 0.597792
5 0.570129 0.676765 0.0411491 0.0906913 0.340817
5 0.519756 0.876481 0.0787599 0.208496 0.249333
5 0.52505 0.869592 0.0680963 0.188463 0.0964369
5 0.570128 0.687516 0.0427031 0.11498 0.0448661
5 0.569559 0.672462 0.0379784 0.0817126 0.0416078
5 0.522326 0.874364 0.0714859 0.194806 0.0374445
5 0.358855 0.787907 0.0893058 0.216329 0.031469
5 0.518589 0.87873 0.0783975 0.208889 0.0300242
5 0.568519 0.710759 0.0460996 0.161044 0.0255337
3 0.357544 0.737612 0.0951564 0.088563 0.0253722
5 0.322256 0.736868 0.177225 0.349144 0.0127171
5 0.569738 0.703492 0.0436102 0.146667 0.0115735
