3 0.440419 0.432295 0.149231 0.0523732 0.82725
8 0.627333 0.905868 0.0508537 0.0353024 0.799963
6 0.568876 0.475028 0.161973 0.234012 0.446369
3 0.48402 0.464582 0.0884063 0.0389256 0.295304
7 0.312805 0.453804 0.176711 0.2743 0.199255
3 0.494915 0.40938 0.126326 0.037698 0.0910989
6 0.566052 0.487593 0.173048 0.257649 0.062817
3 0.490043 0.416548 0.11454 0.0331452 0.0462045
7 0.620858 0.494668 0.278064 0.296364 0.0248483
7 0.620591 0.518271 0.287184 0.345675 0.0177662
3 0.45065 0.443991 0.14913 0.066768 0.0100627
