8 0.111145 0.621118 0.128963 0.127244 0.922005
8 0.996834 0.542696 0.00633222 0.032428 0.0499566
7 0.665172 0.358942 0.14326 0.221002 0.0481075
8 0.996324 0.579257 0.00735219 0.0209331 0.0406169
8 0.996765 0.572837 0.00646945 0.0151065 0.0252252
8 0.996827 0.515846 0.00634548 0.0164621 0.020003
7 0.676542 0.412848 0.130744 0.322115 0.0183976
8 0.995599 0.744654 0.00880278 0.0256829 0.0170053
8 0.997089 0.552682 0.00582268 0.0301045 0.0150117
8 0.99684 0.535238 0.00632041 0.0264537 0.0134742
8 0.996767 0.509667 0.00646628 0.0181329 0.0105728
