8 0.908822 0.15363 0.107089 0.0658137 0.891912
3 0.697246 0.416437 0.133893 0.061324 0.813198
3 0.441287 0.429817 0.255634 0.104481 0.811376
5 0.651476 0.479394 0.0486353 0.224375 0.412937
5 0.332376 0.458543 0.0789566 0.176753 0.370249
5 0.333179 0.461219 0.0819056 0.178728 0.34244
5 0.538478 0.451005 0.0556736 0.107074 0.290623
5 0.648868 0.493872 0.0477284 0.240582 0.276416
5 0.541158 0.444729 0.0471471 0.0932846 0.037067
5 0.535272 0.46051 0.0665363 0.131873 0.0337411
5 0.499334 0.596346 0.0482813 0.239321 0.015686
5 0.332244 0.459407 0.091701 0.183785 0.0130607
5 0.650598 0.459032 0.0420879 0.176097 0.0105375
