8 0.919914 0.20031 0.0723478 0.0322495 0.845822
3 0.506407 0.658589 0.20609 0.373978 0.69589
3 0.789003 0.495276 0.123356 0.0601642 0.383559
3 0.50312 0.533533 0.208104 0.13228 0.114495
3 0.501963 0.585794 0.204656 0.221648 0.0942521
3 0.504152 0.554751 0.20851 0.171236 0.0798372
8 0.97672 0.295338 0.018487 0.0870566 0.0727507
3 0.505527 0.578422 0.206668 0.222626 0.0676171
8 0.976127 0.295264 0.022068 0.0852298 0.0451972
5 0.493262 0.713822 0.175167 0.480039 0.0370515
3 0.786835 0.514894 0.131717 0.0998423 0.0306693
5 0.505767 0.719661 0.186842 0.486689 0.0132039
