8 0.927109 0.218171 0.0874172 0.0335284 0.826599
3 0.537163 0.540075 0.252592 0.116234 0.653313
3 0.530253 0.596038 0.267927 0.233112 0.249234
3 0.530888 0.609992 0.264432 0.252691 0.179201
8 0.988139 0.124726 0.0237212 0.0694256 0.0852472
3 0.469758 0.679655 0.127651 0.237117 0.0521394
8 0.987291 0.124378 0.0254178 0.0705788 0.0344029
3 0.533841 0.568961 0.259807 0.178695 0.029897
3 0.469674 0.666163 0.131837 0.182472 0.0266401
8 0.981538 0.124677 0.0369236 0.0693236 0.0183421
3 0.529512 0.610105 0.267064 0.252173 0.0181358
8 0.987071 0.125576 0.0258585 0.0694323 0.0109881
