5 0.328013 0.726078 0.122954 0.323098 0.702368
3 0.462932 0.574506 0.43786 0.176152 0.474962
8 0.0456514 0.47035 0.0474 0.0379031 0.33919
3 0.464135 0.574056 0.44266 0.170417 0.314104
8 0.0506312 0.494836 0.0515779 0.0224848 0.302839
8 0.043552 0.469727 0.0436427 0.0361371 0.202609
8 0.0482556 0.477765 0.0519012 0.0543908 0.118735
3 0.462179 0.599072 0.406139 0.130565 0.0303493
8 0.0516922 0.49822 0.0529572 0.0185034 0.0247975
5 0.351683 0.744302 0.067243 0.280495 0.0220657
5 0.331868 0.684248 0.103185 0.223583 0.0139733
