8 0.907471 0.149532 0.117821 0.05801 0.890407
3 0.522453 0.503763 0.186734 0.150882 0.60725
3 0.520686 0.469317 0.182488 0.0773511 0.573943
3 0.556739 0.542759 0.149964 0.059272 0.297089
3 0.534986 0.523307 0.147951 0.216144 0.0863966
5 0.506991 0.575948 0.0555626 0.236127 0.0594018
5 0.51606 0.5519 0.0736471 0.139194 0.0461484
5 0.579125 0.57666 0.0931835 0.250974 0.0404497
5 0.49595 0.55273 0.0436571 0.138338 0.0376065
5 0.497213 0.565765 0.0466587 0.200106 0.0174523
5 0.577904 0.528148 0.0856977 0.195698 0.0164044
5 0.568618 0.543691 0.118827 0.106933 0.0162693
3 0.480594 0.520121 0.106247 0.221242 0.0116166
