8 0.952101 0.381502 0.0638854 0.0760739 0.872676
3 0.461751 0.624002 0.241444 0.109535 0.864389
3 0.787627 0.709583 0.181124 0.104805 0.818228
5 0.719662 0.758015 0.0472499 0.281608 0.241616
5 0.718979 0.745593 0.0426088 0.246509 0.141092
5 0.71984 0.763196 0.0473089 0.292667 0.0288531
5 0.355695 0.563568 0.0175832 0.112304 0.023751
5 0.356221 0.556994 0.0154154 0.0901754 0.0229317
5 0.719218 0.740219 0.0412709 0.237529 0.0213354
5 0.556668 0.687279 0.0488307 0.249066 0.0123069
5 0.355465 0.573569 0.0211947 0.136717 0.0114311
5 0.718673 0.812198 0.0413998 0.195696 0.010678
