3 0.436589 0.546849 0.277661 0.0858651 0.858024
8 0.157045 0.915374 0.0605123 0.036492 0.784907
5 0.339373 0.640306 0.0507145 0.174453 0.0988083
5 0.338885 0.665232 0.055611 0.227554 0.0640547
5 0.339998 0.62662 0.0445162 0.142116 0.0515154
5 0.546423 0.64976 0.0346312 0.177704 0.0296775
5 0.330768 0.600005 0.0720209 0.262683 0.0269458
5 0.565287 0.676138 0.0745794 0.231855 0.0135701
5 0.54825 0.664875 0.04428 0.213287 0.0132334
5 0.550685 0.681083 0.0558389 0.243505 0.0124215
5 0.569047 0.676368 0.0803186 0.247201 0.0112382
