8 0.182431 0.265805 0.0826554 0.0611411 0.900531
3 0.512504 0.484273 0.18577 0.0849279 0.84277
5 0.446382 0.517968 0.0560121 0.169665 0.531533
5 0.447315 0.521739 0.0592778 0.179447 0.252788
5 0.446009 0.51817 0.0653017 0.201894 0.215034
5 0.609348 0.578684 0.0410106 0.197964 0.100828
5 0.607417 0.567548 0.0367353 0.178171 0.0831114
5 0.605626 0.559438 0.0306297 0.158705 0.0544853
5 0.600712 0.560976 0.0229215 0.156316 0.0231922
5 0.615512 0.646327 0.0568287 0.342696 0.0173564
5 0.599424 0.548562 0.019177 0.128323 0.0162043
5 0.614996 0.658398 0.0553955 0.364971 0.0127725
