8 0.911655 0.848556 0.0492349 0.0343592 0.86749
3 0.455708 0.607855 0.197484 0.0987252 0.864841
3 0.673687 0.457199 0.135289 0.0528771 0.793654
8 0.961496 0.770577 0.0375503 0.112517 0.590126
8 0.962323 0.769814 0.0378047 0.111262 0.301878
5 0.738844 0.505801 0.0258038 0.120405 0.0806089
5 0.737168 0.497804 0.0220128 0.101595 0.0755604
5 0.546982 0.69914 0.0314346 0.249184 0.049353
5 0.547555 0.712204 0.0317027 0.256809 0.0258013
5 0.549004 0.692827 0.0466016 0.263605 0.0109587
5 0.735819 0.48787 0.0172838 0.0820245 0.0102971
