8 0.922019 0.519496 0.0833417 0.0326696 0.843267
3 0.392566 0.548395 0.235469 0.0712829 0.842713
3 0.679789 0.440674 0.184217 0.0438242 0.277127
8 0.949575 0.447167 0.0392324 0.0499861 0.074046
8 0.949066 0.448592 0.0409869 0.05313 0.0719286
8 0.969525 0.445564 0.0609501 0.0479369 0.0310974
8 0.957062 0.447155 0.0362888 0.0488991 0.0297672
8 0.936325 0.478449 0.0678308 0.119025 0.0176384
8 0.946399 0.460327 0.0468664 0.0791318 0.0149756
8 0.969866 0.448364 0.0602673 0.0525435 0.0149334
8 0.971095 0.455632 0.0578094 0.0689921 0.0123894
