3 0.368104 0.592994 0.280528 0.11753 0.867144
8 0.0424341 0.862409 0.0461316 0.0333355 0.762488
3 0.309498 0.581978 0.189595 0.0985164 0.664307
8 0.0324674 0.935673 0.0594146 0.0251523 0.589672
5 0.248598 0.55193 0.0751909 0.195343 0.124556
8 0.0317562 0.908627 0.0635125 0.0856123 0.10193
8 0.0325872 0.935674 0.059706 0.0247966 0.0174655
5 0.250066 0.579679 0.071835 0.123828 0.0160332
5 0.28357 0.714433 0.0416497 0.218089 0.0150756
8 0.0319527 0.919542 0.0631746 0.0584294 0.0134097
5 0.257693 0.63237 0.101204 0.343638 0.0130214
5 0.242533 0.528512 0.0634873 0.159206 0.0106849
