8 0.0914583 0.917169 0.0845574 0.0800455 0.911726
3 0.627581 0.700049 0.250259 0.10961 0.881768
3 0.323681 0.673423 0.151271 0.0991821 0.870091
5 0.525574 0.739983 0.096369 0.287021 0.730075
5 0.388045 0.80984 0.0299298 0.266044 0.356956
5 0.384771 0.78993 0.0217113 0.220874 0.14521
3 0.247926 0.497812 0.0903884 0.0649956 0.0933529
5 0.386025 0.806266 0.0257773 0.262517 0.076607
5 0.383685 0.773271 0.0187216 0.19253 0.0685737
5 0.541724 0.786246 0.0624731 0.178238 0.0535224
5 0.496042 0.644248 0.0358427 0.0940642 0.0244965
5 0.382916 0.756402 0.0167982 0.15817 0.0219372
5 0.267934 0.753974 0.0161589 0.111258 0.0211652
5 0.267429 0.740927 0.0139701 0.0812185 0.013394
3 0.248253 0.497478 0.0916548 0.0664225 0.0111192
5 0.268866 0.768573 0.0183101 0.141965 0.0100879
5 0.270731 0.781105 0.0194211 0.166607 0.0100751
