8 0.0399922 0.425244 0.0570442 0.0658664 0.870038
3 0.52895 0.756757 0.222572 0.0913796 0.865744
5 0.421442 0.826848 0.084126 0.336996 0.793984
3 0.236241 0.567535 0.140953 0.0728 0.766853
5 0.610126 0.725059 0.0701907 0.233269 0.0644451
5 0.609502 0.835679 0.036149 0.121356 0.0369628
5 0.599975 0.706047 0.0821787 0.178353 0.0336581
5 0.615134 0.755862 0.06093 0.288499 0.0334676
5 0.441494 0.869934 0.0424767 0.240017 0.0266807
5 0.611985 0.694368 0.0663346 0.168476 0.0264558
3 0.203472 0.442222 0.0931012 0.0640775 0.0264545
5 0.607392 0.709235 0.0755517 0.194274 0.0244749
5 0.609455 0.827529 0.0309257 0.100407 0.0240939
5 0.443892 0.876711 0.037084 0.246577 0.0128137
5 0.623921 0.681342 0.0416048 0.139363 0.0125546
5 0.616096 0.754076 0.0611646 0.290777 0.0119174
