8 0.635752 0.094484 0.212585 0.0968552 0.91739
3 0.345657 0.486563 0.238493 0.0841529 0.871577
3 0.503562 0.476552 0.168223 0.056059 0.7088
4 0.507427 0.774305 0.110477 0.444469 0.562706
4 0.330614 0.719525 0.178183 0.560951 0.449655
4 0.347971 0.766765 0.195074 0.466471 0.291885
4 0.507247 0.774273 0.109346 0.451453 0.184393
5 0.457858 0.517803 0.102069 0.198609 0.0459238
5 0.439397 0.496304 0.0832223 0.165374 0.0438002
4 0.505282 0.773979 0.111889 0.448592 0.0422619
4 0.501417 0.674154 0.087346 0.256271 0.0397432
5 0.444563 0.483519 0.0887855 0.111374 0.0251016
4 0.511522 0.777479 0.108561 0.441141 0.0231488
5 0.569397 0.522162 0.0319971 0.103714 0.0174237
5 0.56845 0.509054 0.0295466 0.0811787 0.0163045
4 0.494936 0.745957 0.0873627 0.43521 0.0116898
5 0.571207 0.534117 0.0362633 0.132622 0.0106634
