3 0.413712 0.51647 0.269951 0.0793646 0.871915
3 0.720196 0.502978 0.132241 0.0519593 0.843532
8 0.825899 0.207508 0.0660479 0.0346079 0.842085
4 0.706586 0.786254 0.059128 0.424891 0.750143
4 0.429669 0.731908 0.305406 0.535882 0.73522
8 0.967628 0.171544 0.0647447 0.0739938 0.721156
5 0.524387 0.556243 0.0546312 0.181417 0.597126
5 0.52731 0.549791 0.0560726 0.167184 0.101355
4 0.71351 0.712979 0.0456618 0.319779 0.0475076
5 0.525003 0.546942 0.0530201 0.151091 0.0362954
4 0.706303 0.777147 0.0742763 0.413196 0.0204011
5 0.525921 0.557921 0.0603488 0.187502 0.0176715
4 0.701712 0.715395 0.0564924 0.310309 0.0159423
5 0.526154 0.562421 0.064739 0.195246 0.0158162
4 0.715041 0.724744 0.0436555 0.326606 0.0145691
4 0.710736 0.707356 0.0513256 0.285761 0.0141905
8 0.96753 0.171536 0.0640438 0.0722898 0.0128303
4 0.705711 0.78668 0.0612433 0.420203 0.0119611
