3 0.573733 0.692107 0.286472 0.128634 0.871129
3 0.251546 0.668126 0.154584 0.070185 0.82078
8 0.0262944 0.918422 0.0400951 0.0337861 0.548615
8 0.0331989 0.932759 0.0663979 0.0751023 0.399424
8 0.0329678 0.958876 0.0659356 0.0222535 0.152679
5 0.691715 0.722747 0.0400928 0.194823 0.108831
5 0.189252 0.707788 0.043157 0.180584 0.10814
5 0.691214 0.732538 0.0394598 0.185344 0.0839587
5 0.690959 0.724491 0.0483141 0.21842 0.0615827
8 0.0328072 0.961974 0.0656145 0.0163561 0.0555053
5 0.19422 0.728046 0.0367408 0.190202 0.0385829
5 0.318946 0.721495 0.022368 0.10028 0.0283408
5 0.475413 0.786673 0.0790351 0.257065 0.0251029
5 0.471413 0.759976 0.0767853 0.254689 0.0241894
5 0.192049 0.71598 0.0386854 0.183183 0.0193149
5 0.477055 0.792054 0.0661588 0.201388 0.0181186
5 0.190161 0.715099 0.0531903 0.212818 0.0178594
5 0.69051 0.732529 0.0485841 0.23069 0.0143054
5 0.319353 0.730959 0.0239545 0.119433 0.0135653
