3 0.575164 0.675707 0.263627 0.128283 0.879632
3 0.275115 0.652697 0.137479 0.0653626 0.861291
5 0.483668 0.809164 0.0602324 0.270627 0.65071
5 0.681463 0.713726 0.0466289 0.204088 0.458195
8 0.0273592 0.375664 0.0361065 0.0165702 0.451441
8 0.0272876 0.375203 0.037436 0.0177963 0.264102
5 0.481962 0.781362 0.054808 0.212403 0.157317
5 0.680292 0.718028 0.0526738 0.221042 0.0879651
5 0.336059 0.713604 0.0172137 0.101266 0.0848646
5 0.221921 0.711669 0.0232642 0.168553 0.0367881
5 0.336269 0.721388 0.0187619 0.12107 0.0329715
5 0.211733 0.676577 0.0457386 0.207766 0.0267103
5 0.220809 0.699284 0.0233166 0.163377 0.0168486
5 0.218467 0.682904 0.0263004 0.179248 0.0161266
5 0.684549 0.694299 0.0386752 0.160559 0.0134378
8 0.0230689 0.339824 0.0461377 0.0886203 0.0119168
