3 0.609481 0.556764 0.370198 0.0949432 0.895152
3 0.242235 0.472122 0.132078 0.0696443 0.875014
8 0.0545213 0.634764 0.0673978 0.0567721 0.604784
5 0.73717 0.623913 0.0850094 0.127257 0.230088
5 0.735906 0.635131 0.0901286 0.149981 0.212123
8 0.0546088 0.634702 0.0672052 0.0567024 0.187113
5 0.739415 0.60887 0.0781248 0.091811 0.13568
5 0.472519 0.616548 0.0688566 0.127468 0.124236
5 0.474181 0.63195 0.0748535 0.16196 0.0834066
5 0.472 0.604592 0.0630925 0.100532 0.0311783
5 0.470825 0.605219 0.0665021 0.109455 0.022599
