8 0.906362 0.925271 0.0874676 0.0736668 0.897874
3 0.718621 0.66811 0.142231 0.0835242 0.851736
3 0.476021 0.662351 0.204374 0.094827 0.836949
5 0.403779 0.764197 0.0648389 0.303543 0.758477
5 0.634627 0.786954 0.0933057 0.368837 0.753515
5 0.635649 0.783279 0.0930862 0.365277 0.225493
5 0.403573 0.742276 0.0544691 0.213222 0.0628861
5 0.655035 0.722882 0.0420368 0.225639 0.0238727
5 0.560155 0.663485 0.0328869 0.103414 0.023091
5 0.563267 0.658997 0.0257927 0.0921933 0.0203055
5 0.556419 0.671247 0.0420315 0.122773 0.0146819
5 0.647648 0.779593 0.0580787 0.219075 0.0140807
5 0.774024 0.676472 0.0275897 0.109811 0.0140728
5 0.564738 0.650629 0.0214345 0.0751852 0.0132723
