3 0.578905 0.565417 0.206825 0.14603 0.895772
3 0.314176 0.669397 0.13483 0.10628 0.867568
8 0.0771162 0.498991 0.0300476 0.0383095 0.762786
8 0.0502511 0.335359 0.0461645 0.0248007 0.721611
5 0.371507 0.701476 0.0642921 0.391764 0.558615
5 0.250759 0.647992 0.0465998 0.347438 0.307434
5 0.666641 0.590177 0.0261287 0.317214 0.136374
5 0.666204 0.589049 0.0286817 0.312061 0.0501798
5 0.358777 0.586475 0.0364104 0.161599 0.023759
8 0.0501093 0.330089 0.0493581 0.0393165 0.0164386
8 0.0502096 0.321526 0.0529472 0.0590161 0.0141068
5 0.674479 0.656443 0.0366105 0.459075 0.0119959
8 0.0504961 0.309597 0.0531036 0.0758058 0.0105647
5 0.251748 0.649505 0.0326405 0.289589 0.0104303
