3 0.539455 0.680491 0.128444 0.078378 0.871392
3 0.385379 0.593446 0.184541 0.0941724 0.868935
8 0.0537648 0.294169 0.0733164 0.0596463 0.861128
8 0.090596 0.141023 0.0368622 0.0337826 0.791553
5 0.473043 0.709367 0.0433932 0.395609 0.217296
5 0.588512 0.741361 0.02138 0.139958 0.148556
5 0.309943 0.627461 0.0327089 0.261344 0.0645476
5 0.480847 0.787526 0.0242989 0.263497 0.0413178
5 0.310648 0.670837 0.0218655 0.158702 0.0207707
5 0.481524 0.76292 0.024382 0.279361 0.0144107
5 0.311314 0.656097 0.0226016 0.137947 0.0101714
