8 0.872787 0.889641 0.103759 0.0545874 0.887234
3 0.399292 0.690425 0.257268 0.122604 0.835018
5 0.288448 0.739113 0.0690622 0.296432 0.40245
5 0.519043 0.679483 0.0584759 0.297521 0.309024
5 0.519027 0.675283 0.0481912 0.247125 0.0768518
5 0.285719 0.745569 0.0592869 0.237582 0.073276
3 0.733742 0.521564 0.178723 0.058561 0.0250287
3 0.735894 0.528745 0.175618 0.0624073 0.0234393
3 0.738457 0.5372 0.16957 0.0626901 0.0134666
5 0.517898 0.700387 0.0528218 0.286901 0.013441
5 0.285134 0.738821 0.0581202 0.249065 0.0132828
5 0.291351 0.745044 0.0623215 0.240828 0.0101156
