8 0.878745 0.385106 0.0841583 0.0545195 0.885907
3 0.516728 0.511457 0.182799 0.104258 0.820523
5 0.44105 0.537145 0.0610655 0.381978 0.699469
5 0.586565 0.497441 0.0499744 0.269325 0.0702362
5 0.593746 0.453043 0.0264295 0.180967 0.0412894
5 0.593557 0.466484 0.0278895 0.201586 0.0274463
5 0.586501 0.502361 0.0498581 0.279458 0.0237516
5 0.586987 0.507937 0.039769 0.21074 0.0215315
5 0.585209 0.525558 0.0427338 0.224032 0.0160801
5 0.591056 0.534157 0.047535 0.285942 0.0138925
5 0.588771 0.494758 0.047025 0.266927 0.0135881
5 0.589856 0.487889 0.0457161 0.275812 0.0114516
5 0.438779 0.56473 0.0475441 0.279427 0.0114439
5 0.594131 0.445902 0.0251025 0.163497 0.0108835
