8 0.825762 0.32707 0.0807399 0.0582045 0.899982
3 0.345415 0.616751 0.212423 0.145535 0.808768
5 0.434662 0.606319 0.0537743 0.34725 0.798715
3 0.610092 0.453624 0.12887 0.0824978 0.65803
5 0.255744 0.654216 0.042968 0.44669 0.59029
5 0.560259 0.643036 0.0318334 0.298873 0.129234
5 0.556918 0.638301 0.0314451 0.291163 0.0653502
5 0.562077 0.639885 0.0282698 0.306716 0.0402118
5 0.255086 0.615473 0.0395038 0.445194 0.0261859
5 0.562057 0.628058 0.028078 0.282768 0.0200583
5 0.558099 0.624861 0.0285717 0.261766 0.0161614
3 0.611093 0.474687 0.128714 0.130329 0.015105
5 0.558712 0.610726 0.0268225 0.224857 0.0107024
5 0.561862 0.614265 0.0278355 0.242737 0.0104752
5 0.256951 0.711301 0.0427533 0.233281 0.0103221
