3 0.567026 0.511787 0.192895 0.067071 0.826565
8 0.74138 0.963627 0.271041 0.0272453 0.802612
8 0.0832961 0.228026 0.0645459 0.0344271 0.793759
5 0.603764 0.568762 0.137335 0.257531 0.727499
8 0.0753177 0.284949 0.076953 0.0452675 0.653727
3 0.3351 0.438689 0.165289 0.0418477 0.635741
5 0.465019 0.580111 0.068425 0.120476 0.327696
5 0.301202 0.615722 0.108648 0.265678 0.187124
5 0.463275 0.581786 0.0656463 0.120933 0.180125
5 0.303125 0.593756 0.0964231 0.217337 0.136069
8 0.0761842 0.300675 0.0754726 0.0152211 0.0818218
5 0.474744 0.468621 0.061745 0.106277 0.0516087
5 0.470048 0.561117 0.0566476 0.0899171 0.0477544
5 0.47542 0.529833 0.0493206 0.111028 0.0183919
5 0.462338 0.589104 0.0725955 0.144638 0.0179173
5 0.458994 0.569773 0.0580796 0.131389 0.0176846
8 0.075665 0.292605 0.0776001 0.0318995 0.0170883
5 0.607904 0.554771 0.117188 0.240342 0.0163338
5 0.464549 0.52025 0.0671012 0.181147 0.0142281
5 0.611892 0.554652 0.109917 0.230401 0.0141442
8 0.662231 0.964298 0.107679 0.0240144 0.0139579
5 0.460717 0.587822 0.0700472 0.134881 0.0117145
5 0.597553 0.607901 0.124746 0.168754 0.0102403
