3 0.569067 0.489841 0.189857 0.0852211 0.864808
8 0.707836 0.954356 0.223228 0.0316055 0.816624
8 0.172589 0.238793 0.0495393 0.034693 0.816414
3 0.330287 0.397885 0.138754 0.0530578 0.714139
8 0.136872 0.29775 0.0348432 0.0186098 0.713723
5 0.50502 0.45411 0.0623054 0.09533 0.706315
5 0.629713 0.549254 0.0721831 0.215215 0.605282
5 0.630774 0.549452 0.0762567 0.226038 0.353586
5 0.510766 0.441386 0.0471286 0.0761496 0.0318581
8 0.642847 0.954319 0.0924971 0.0283574 0.0307192
5 0.505295 0.458795 0.0679756 0.0992058 0.0290878
